17|44|60|61|77
10|11|19|41|48
3|11|12|66|74
11|12|35|49|74
28|61|70|75|78
1|13|66|72|78
21|25|40|66|67
5|14|32|35|78
4|16|29|47|76
8|11|36|63|78
19|22|33|68|76
2|49|51|64|76
50|60|65|71|78
7|13|49|65|80
3|24|44|56|64
12|16|18|47|74
27|38|45|58|61
3|7|32|55|57
11|14|30|50|70
21|26|27|28|50
3|5|18|31|36
47|67|71|79|80
19|23|58|61|79
12|23|24|27|45
10|14|22|26|35
25|42|45|54|79
4|51|54|63|66
31|33|53|59|79
6|12|36|38|67
11|14|31|59|76
4|20|24|55|68
36|43|49|54|66
18|19|59|64|76
12|13|22|63|75
6|24|40|46|67
4|49|54|68|71
4|25|60|63|65
32|48|52|62|75
8|12|19|37|74
5|14|15|27|52
20|48|56|61|67
15|23|34|59|72
16|29|52|62|73
2|12|16|57|65
4|9|29|33|36
5|13|20|29|38
51|60|62|69|75
30|56|60|75|76
8|34|44|64|65
22|25|27|28|34
1|9|12|23|33
6|24|35|42|62
2|16|59|71|74
38|55|60|65|73
9|27|47|67|69
14|28|44|65|76
3|4|10|64|65
3|12|33|54|71
13|18|22|31|32
7|22|28|73|77
2|27|39|53|80
1|15|59|68|72
4|10|26|51|63
6|27|36|65|70
26|56|64|66|67
25|39|44|51|79
6|19|26|36|43
3|12|29|46|47
5|6|17|28|50
3|25|60|61|71
1|20|43|44|77
21|24|31|32|37
15|35|58|72|80
7|18|29|35|53
11|19|24|26|71
16|22|28|47|71
4|21|47|67|77
7|43|52|63|80
3|11|33|41|46
36|55|60|62|77
23|33|42|68|74
6|7|8|15|55
16|20|27|67|80
3|4|16|47|70
17|22|24|46|49
32|46|55|75|79
9|38|39|55|64
14|31|35|37|75
1|8|39|46|51
13|41|49|57|59
10|13|14|70|78
15|20|32|33|78
9|18|36|54|62
31|42|53|60|70
15|23|37|58|75
28|30|52|53|66
3|10|17|23|68
3|50|63|68|73
5|15|49|65|78
24|29|42|50|55
18|34|36|48|60
10|21|28|63|64
2|10|17|19|51
23|27|31|36|59
5|22|40|45|64
4|5|8|14|18
13|26|29|52|57
19|61|65|77|80
11|16|32|46|71
9|16|39|42|78
6|57|74|79|80
15|18|41|66|75
10|18|30|31|32
4|10|33|38|58
33|42|57|67|75
4|12|18|61|69
7|13|29|30|56
26|49|68|72|78
27|41|62|77|80
13|51|63|66|68
11|21|33|59|62
6|13|33|57|59
18|36|43|54|65
23|39|46|53|77
29|37|52|54|59
31|55|67|72|75
16|44|51|64|72
10|31|33|49|52
37|40|45|47|69
10|35|42|55|77
10|22|32|45|54
13|17|36|45|80
26|36|38|59|65
30|59|64|66|69
5|20|59|74|78
31|38|46|65|79
2|13|16|42|67
23|42|64|72|79
41|58|70|71|80
40|46|58|64|80
10|15|19|36|54
19|23|68|74|80
17|20|27|33|71
2|7|20|53|79
13|22|46|70|77
7|11|49|50|78
1|4|35|36|68
1|19|22|27|35
12|14|25|58|68
5|9|19|24|49
16|42|43|52|58
8|31|38|42|48
13|37|42|68|78
8|34|54|63|69
37|45|60|61|78
2|6|41|66|80
8|39|60|62|71
31|37|38|55|58
1|28|34|38|43
50|61|69|76|78
5|16|39|45|47
4|16|26|30|55
4|29|48|61|77
7|12|25|35|74
33|44|52|58|66
45|46|53|65|67
5|13|17|29|67
29|35|44|53|62
10|13|15|51|56
31|37|59|64|69
1|10|11|58|68
13|29|54|72|77
1|20|29|49|67
15|34|41|62|73
8|13|16|26|79
7|19|25|37|40
11|18|51|70|75
11|70|74|77|80
29|34|40|54|79
2|23|37|49|58
1|27|38|59|74
11|12|32|43|78
13|22|49|68|74
10|17|27|30|44
26|36|43|66|77
2|5|62|79|80
11|24|41|50|57
2|11|39|54|59
2|26|52|54|58
3|17|26|47|56
13|48|54|57|78
7|53|62|71|75
6|20|37|50|51
7|8|9|53|56
14|45|72|73|80
26|34|60|69|74
18|27|56|77|78
25|31|51|72|74
3|23|26|51|60
21|30|47|55|67
7|62|67|73|80
20|41|48|51|65
7|23|36|66|69
11|24|33|34|79
8|13|32|52|54
2|21|30|48|51
30|37|42|63|78
5|17|25|64|66
10|13|25|69|70
3|25|37|42|77
3|4|11|25|51
2|12|13|18|28
8|37|59|63|73
13|23|26|42|79
9|25|66|76|80
9|23|29|34|43
2|3|41|60|80
9|16|42|51|73
10|18|22|45|55
21|31|33|72|77
12|24|55|57|76
11|21|30|32|67
4|25|26|42|61
5|13|29|66|73
8|13|23|67|80
1|34|54|58|67
12|13|16|44|79
8|45|49|62|75
7|15|21|22|55
13|27|35|73|80
25|27|31|57|79
13|34|46|70|77
14|40|62|68|73
12|60|63|71|78
13|17|49|50|63
3|8|33|56|65
17|29|39|54|56
8|23|30|37|67
5|11|35|43|54
4|11|23|33|50
16|32|44|59|65
16|36|42|66|68
5|13|18|41|68
6|14|22|28|74
6|9|11|34|53
5|15|21|70|75
12|16|30|60|67
33|38|58|72|76
17|18|21|37|72
28|45|48|49|66
10|11|19|28|57
25|43|54|70|77
10|26|42|47|63
5|21|24|69|73
10|22|27|32|59
11|21|36|37|70
14|22|54|69|72
38|46|60|64|77
2|43|58|61|62
1|5|25|53|72
2|15|33|39|78
4|24|29|58|74
23|49|51|60|75
33|50|56|62|74
9|33|42|45|55
12|14|18|48|53
2|27|33|75|78
8|10|40|49|76
12|20|26|77|79
6|8|25|43|77
14|54|69|71|72
29|55|61|69|71
23|33|48|67|78
9|38|40|52|75
23|39|47|51|64
15|42|43|45|73
38|44|57|64|73
5|18|48|78|80
9|25|30|57|66
20|34|63|64|67
10|17|18|48|79
9|19|35|49|70
13|50|53|56|60
4|7|34|38|39
16|17|46|56|79
35|38|56|65|76
1|2|12|16|62
19|44|61|62|69
2|19|62|67|79
8|12|33|46|62
6|7|13|14|26
26|44|47|55|64
14|19|21|74|77
33|38|53|61|70
19|33|62|70|75
22|32|41|67|75
7|38|64|65|79
6|28|40|45|76
32|35|37|65|66
11|18|24|40|59
2|24|54|74|76
12|17|56|64|77
18|20|34|75|78
26|33|38|66|71
8|20|68|70|78
4|6|29|71|72
3|18|38|43|44
29|36|57|69|77
14|27|44|49|50
8|18|20|38|42
2|15|31|39|40
11|32|38|41|55
1|13|45|66|67
5|12|19|61|69
9|20|23|38|46
11|17|18|44|71
30|32|38|64|77
20|22|25|52|67
8|36|40|56|64
18|19|21|47|62
2|16|39|55|66
24|40|64|67|74
26|35|38|58|80
9|13|48|72|80
20|29|57|73|75
6|14|75|77|79
7|26|30|61|71
9|36|43|51|66
12|43|47|51|55
38|63|71|72|77
21|26|34|62|65
14|42|57|64|78
33|35|66|75|79
9|10|20|21|34
4|30|33|52|66
37|47|51|67|76
10|18|20|23|59
20|39|51|64|70
24|31|63|64|68
3|13|53|54|55
26|29|52|67|71
6|43|45|49|66
26|27|29|49|70
11|15|28|57|58
1|41|45|47|49
4|22|36|48|70
20|54|68|70|80
2|9|33|35|69
45|52|53|70|76
2|22|43|44|50
6|33|44|63|78
6|10|26|41|54
21|29|58|70|72
6|15|44|56|76
57|69|70|78|79
1|21|57|70|76
1|15|52|63|74
4|9|12|49|59
2|32|46|57|80
6|22|45|75|78
17|33|36|41|74
25|32|34|70|72
49|61|67|76|78
11|21|47|49|79
19|29|45|48|50
5|22|31|44|73
14|26|43|66|67
1|43|47|61|71
33|37|43|55|59
4|16|36|70|72
10|22|36|38|65
9|20|26|63|72
6|15|27|38|39
22|38|61|65|73
16|18|26|69|78
23|36|52|69|80
8|28|45|66|70
30|39|44|62|65
6|7|32|37|50
33|38|58|60|62
2|14|18|32|68
8|34|42|56|57
19|24|48|76|79
39|41|43|56|66
13|14|70|73|76
24|44|63|65|66
15|17|23|76|78
17|22|31|46|66
2|22|23|77|80
20|24|44|49|70
23|35|66|74|79
2|9|41|72|73
27|40|44|63|76
14|35|37|57|65
4|6|10|21|58
6|36|37|40|70
14|18|44|70|80
5|20|53|56|78
6|8|28|44|63
3|34|47|60|77
25|43|52|54|78
1|3|20|23|35
4|8|21|26|35
5|12|35|53|75
39|40|47|52|79
13|42|64|73|80
7|25|26|52|63
6|19|23|48|74
17|22|27|36|57
1|2|16|29|52
19|41|67|74|79
9|41|51|70|80
15|22|25|26|28
23|34|43|68|69
40|48|49|74|79
37|39|46|54|70
22|25|46|70|73
1|22|64|72|76
11|21|31|49|65
18|43|47|69|72
6|26|29|67|74
2|19|27|54|65
14|17|18|30|40
20|25|55|64|71
6|16|41|74|79
17|36|57|66|71
12|13|22|24|63
27|35|72|73|76
31|39|70|71|76
9|21|30|46|57
2|36|41|45|68
16|26|35|53|77
12|18|32|52|57
17|23|30|35|60
54|59|63|76|80
15|20|31|33|39
10|15|35|38|50
17|28|40|58|67
2|12|20|56|80
8|45|49|52|56
8|9|43|46|70
19|32|41|43|44
46|51|64|66|71
27|50|55|69|71
3|5|27|43|49
15|22|45|48|64
28|38|41|49|57
19|22|36|41|71
12|24|56|58|74
9|10|16|22|55
24|29|31|39|42
5|13|30|43|79
4|7|47|51|53
19|29|44|50|72
5|6|16|53|61
18|26|58|64|66
25|44|59|63|73
7|20|48|55|60
14|18|26|36|57
14|19|32|37|70
13|15|24|36|44
54|55|62|71|78
6|7|21|28|30
28|39|40|42|64
4|8|10|44|70
15|24|28|65|72
16|25|28|30|68
13|23|37|40|63
20|37|46|55|60
10|18|26|72|79
8|40|49|53|75
25|40|69|71|78
7|10|20|24|75
25|28|29|33|67
9|12|16|26|37
11|13|69|73|77
13|16|48|57|65
23|33|35|36|39
8|11|46|68|79
4|5|31|42|70
7|24|39|58|76
1|8|18|36|53
4|5|16|23|54
11|13|26|31|73
17|30|33|78|79
10|36|43|60|63
5|11|21|24|43
23|36|37|53|56
25|31|42|44|49
9|10|24|48|53
5|8|28|61|74
8|19|23|43|63
30|32|38|51|73
27|49|55|62|74
20|21|65|68|76
4|18|27|46|80
5|8|9|35|54
4|20|32|75|77
1|6|42|71|73
18|24|46|49|57
9|18|26|51|77
10|30|51|55|77
9|39|40|45|80
38|42|45|52|57
5|26|48|61|69
3|16|23|42|55
19|22|31|40|45
8|14|20|45|52
5|22|34|37|58
9|31|63|69|70
1|14|32|53|61
16|18|21|50|78
1|20|38|55|70
44|49|59|70|78
4|10|15|34|76
28|43|51|54|78
7|9|21|33|53
26|32|35|44|48
8|15|37|74|77
4|21|22|45|58
3|7|38|41|46
14|33|55|60|75
5|7|19|27|46
5|11|26|37|58
6|30|35|45|56
46|66|70|72|77
20|53|60|70|74
3|6|15|18|52
8|16|26|28|60
18|24|46|66|74
5|20|34|43|60
4|36|76|77|80
37|39|43|51|75
21|31|34|41|60
4|15|31|67|73
4|36|47|66|76
30|31|42|45|58
3|40|41|65|66
8|11|15|53|55
5|30|38|55|72
18|31|51|55|69
22|48|64|71|78
36|42|48|62|70
6|11|72|75|78
10|25|41|65|78
7|32|40|52|74
18|20|24|28|37
19|24|45|73|76
1|4|48|57|78
19|43|44|50|63
8|32|44|48|74
36|43|51|58|79
9|36|39|61|68
14|19|37|40|56
32|46|63|72|77
17|29|43|53|56
13|16|29|56|80
14|36|44|67|71
23|41|44|72|77
7|11|37|43|79
3|23|38|69|78
3|19|43|58|67
3|18|31|58|61
6|11|33|48|61
57|58|64|65|79
9|22|24|41|78
26|31|41|49|61
5|38|41|55|66
6|9|36|46|80
7|9|38|62|66
22|32|34|43|51
14|34|63|73|76
10|31|32|38|79
3|19|46|52|64
1|10|11|24|60
1|28|30|73|76
21|53|57|69|71
23|36|54|59|70
15|22|28|34|72
1|26|34|40|49
31|35|38|48|74
1|17|20|50|75
12|17|22|52|63
21|44|66|74|77
19|36|49|63|70
17|18|19|24|44
23|39|58|59|80
9|37|66|75|78
14|26|28|55|79
6|11|28|48|67
6|10|41|53|79
9|20|36|45|58
6|20|23|55|66
26|28|31|70|75
6|16|58|67|77
9|41|44|50|60
5|12|52|59|65
28|51|66|67|76
15|25|41|61|67
1|7|37|64|72
30|38|46|52|60
6|18|59|62|79
2|19|54|60|76
7|15|24|27|52
37|42|52|64|78
3|11|31|40|61
17|35|58|74|79
14|26|69|71|77
2|36|52|65|73
8|9|20|27|73
1|19|23|59|79
2|9|24|60|67
23|40|41|43|74
12|26|33|43|47
31|58|59|67|71
36|56|58|64|74
6|28|31|33|71
10|28|57|75|80
12|26|67|71|78
2|53|59|70|80
8|21|35|59|67
24|26|34|68|72
8|34|35|48|76
31|35|37|56|67
1|52|57|69|79
3|14|15|37|43
17|18|56|61|62
15|24|57|61|74
10|24|26|64|75
8|35|51|62|67
2|34|43|75|78
15|27|40|51|64
2|15|37|46|52
22|24|29|32|80
30|49|70|71|79
2|7|18|60|71
39|47|52|53|55
13|18|28|62|73
12|17|27|38|78
4|12|17|70|75
7|19|42|61|76
12|13|33|61|80
2|17|29|34|68
17|27|30|41|44
12|19|66|68|75
2|15|29|69|80
6|12|17|52|78
11|18|66|69|78
22|51|52|70|71
26|27|30|34|63
1|15|17|31|67
17|18|23|42|76
42|56|60|62|68
5|26|37|38|76
15|22|32|49|58
7|10|38|46|55
6|17|20|53|78
9|11|16|58|63
38|41|50|51|72
12|25|32|39|76
10|20|42|62|72
3|24|66|69|70
25|28|37|61|80
37|40|43|70|79
5|9|15|40|42
1|13|14|21|38
6|8|19|35|50
4|7|10|50|61
5|29|43|48|54
16|22|38|50|62
19|45|53|61|64
5|9|33|63|73
19|30|36|43|64
2|18|29|32|55
6|12|48|54|77
13|25|69|73|75
10|35|54|67|75
24|28|52|53|79
12|22|27|31|52
7|37|47|62|80
10|29|38|56|63
29|45|55|75|80
4|6|13|43|64
5|11|12|55|62
4|12|32|44|60
3|16|46|52|59
34|65|68|69|80
3|22|41|46|65
24|41|52|57|77
9|24|42|58|59
43|47|48|54|66
6|24|52|53|69
9|36|37|39|43
9|13|21|29|69
19|28|46|50|58
5|27|31|35|53
15|18|44|55|74
10|14|33|50|62
24|27|37|45|69
1|25|27|32|51
3|6|7|43|55
7|22|49|52|76
17|21|27|46|63
10|22|25|70|79
2|25|26|29|38
1|25|37|41|80
3|23|28|40|63
6|45|50|67|75
6|13|19|40|64
11|16|46|48|74
30|37|40|72|79
22|24|45|49|64
24|31|36|39|72
14|31|37|38|78
15|33|56|63|77
3|50|60|67|77
4|6|26|36|55
9|21|24|27|69
2|5|16|35|65
9|35|55|69|70
25|38|57|59|68
5|36|45|47|61
9|15|27|28|61
14|33|39|58|74
2|50|59|69|72
22|30|44|64|80
23|37|50|53|54
6|21|63|65|73
16|17|18|34|55
47|50|63|71|72
27|37|39|53|60
32|47|53|60|65
9|34|59|61|79
5|6|8|28|48
14|18|25|75|76
8|41|42|53|75
11|17|38|39|72
18|23|40|70|73
7|33|56|59|64
23|36|65|70|80
36|46|57|61|72
9|10|23|24|63
33|34|43|47|57
27|39|56|73|76
19|21|55|63|70
23|38|42|49|79
21|31|39|56|61
10|38|53|54|67
4|13|16|49|74
11|19|36|37|40
31|49|56|62|66
12|26|48|52|61
19|24|37|49|74
16|29|31|47|69
19|26|61|74|79
10|54|56|66|80
12|21|49|56|73
6|10|20|22|75
13|36|49|69|70
5|12|22|29|60
34|39|40|41|69
5|13|15|45|53
10|19|33|40|80
43|44|45|53|74
29|40|54|69|73
22|28|45|48|62
11|13|29|60|76
7|19|41|43|45
7|18|43|53|79
6|24|34|67|74
2|24|27|48|67
6|28|47|64|67
13|25|34|46|61
6|13|28|32|41
18|41|43|59|71
15|46|56|57|80
7|12|17|51|53
8|15|20|24|47
10|24|31|42|48
4|38|44|49|66
17|22|44|68|78
31|32|49|50|54
8|10|31|70|80
27|38|66|70|76
12|13|31|49|65
8|41|47|66|75
13|26|44|64|68
1|18|68|79|80
1|16|32|36|74
43|48|50|65|66
17|29|34|48|58
3|8|34|53|72
21|32|43|44|76
31|44|46|52|55
19|23|35|48|53
6|13|35|46|49
6|27|42|59|61
4|6|21|58|73
34|35|36|50|55
12|38|47|77|78
15|30|37|49|62
53|62|64|73|76
35|43|47|56|57
10|27|47|65|74
23|32|56|76|77
31|39|45|69|78
12|37|39|47|55
5|6|47|55|66
5|14|18|43|76
3|4|5|34|75
1|8|23|41|59
13|32|34|54|78
18|27|51|69|73
17|39|53|57|73
14|40|42|51|63
6|20|24|47|70
17|43|49|63|71
11|24|28|41|71
29|46|48|49|66
26|33|51|55|69
2|21|22|37|79
10|17|50|59|75
24|33|35|38|42
5|20|52|58|64
19|40|50|70|74
25|27|30|32|65
15|30|50|58|79
2|28|29|56|60
5|7|32|58|69
5|10|23|76|77
3|13|44|53|70
4|15|41|66|71
3|39|44|76|77
11|19|27|44|78
10|14|31|46|74
3|21|35|55|70
4|8|16|43|80
32|61|65|70|80
11|21|31|43|62
2|42|59|62|67
1|32|56|70|77
8|29|51|61|79
7|13|38|56|70
7|29|38|57|76
17|26|28|50|72
8|16|18|22|34
6|24|38|54|72
12|17|65|77|79
3|32|55|79|80
10|34|40|47|52
9|34|38|48|51
16|27|33|45|75
15|21|23|40|43
35|57|60|66|73
29|44|52|70|76
10|50|57|67|70
6|10|19|23|33
1|10|12|15|72
4|9|52|66|80
11|34|40|43|52
3|13|35|57|77
6|8|34|53|61
21|22|34|49|77
4|40|51|59|62
11|20|50|58|74
5|31|47|72|78
2|10|26|41|47
43|52|53|72|80
11|19|38|40|58
2|8|36|46|65
17|36|37|64|66
48|56|57|58|64
1|12|43|58|80
10|15|37|46|60
27|50|57|70|72
17|31|54|73|80
6|34|37|45|75
7|16|40|60|67
2|11|17|29|67
5|43|55|62|76
32|48|59|65|71
11|15|16|24|44
42|53|61|73|80
20|37|39|61|72
11|15|32|39|51
25|45|59|68|75
19|42|67|72|77
34|36|52|56|63
1|15|22|23|47
2|4|11|28|35
32|43|64|65|71
1|16|30|73|80
9|39|44|65|67
30|33|61|66|67
6|27|47|68|78
6|18|28|49|53
13|18|29|51|52
5|17|50|72|75
2|38|45|47|72
15|32|36|38|53
8|40|57|62|73
9|47|62|64|76
17|40|55|59|68
30|36|43|63|72
14|27|30|31|68
3|25|33|35|76
16|25|66|69|78
5|49|51|65|76
2|11|20|27|51
2|5|46|48|65
4|30|40|54|57
17|26|37|66|79
2|8|23|69|75
21|23|29|49|77
8|26|31|41|78
17|35|55|69|75
5|7|59|60|73
23|29|49|76|79
6|27|61|70|72
13|39|40|50|66
6|20|24|42|57
45|47|49|74|80
1|7|15|22|71
21|30|31|43|54
2|5|32|49|60
5|18|19|31|45
42|61|64|67|79
14|29|44|45|47
1|20|56|71|79
31|50|59|70|74
4|7|16|19|62
12|16|30|55|68
6|13|15|22|32
36|52|58|67|76
15|16|28|55|67
17|21|28|34|63
2|8|27|33|55
11|38|39|58|68
4|33|50|54|80
4|8|23|60|71
26|48|56|63|69
6|9|29|46|48
9|38|69|71|73
3|23|34|45|53
8|27|28|60|71
27|30|48|57|67
2|27|54|56|63
16|41|63|68|78
2|16|21|65|79
1|14|15|22|36
14|15|27|29|67
43|50|65|66|68
20|30|42|64|74
16|20|29|33|47
4|14|24|37|78
6|8|14|20|58
57|62|65|73|80
2|12|67|75|78
21|44|50|66|80
7|16|32|68|78
2|3|15|45|75
19|23|72|79|80
17|45|52|73|77
28|45|56|63|68
5|29|55|62|68
4|20|35|50|52
7|22|24|39|58
17|29|44|71|75
8|9|33|39|45
20|24|39|45|77
5|13|19|34|50
33|41|43|75|79
17|18|26|46|59
3|15|16|19|72
6|32|54|71|78
8|31|37|45|71
12|50|59|73|80
33|40|56|70|74
4|32|46|54|66
23|39|44|52|69
8|32|42|64|73
17|39|44|49|57
23|31|33|34|40
4|20|21|55|56
7|30|36|50|66
30|37|38|52|55
18|34|65|66|80
26|28|31|33|62
19|23|26|53|56
21|39|41|49|54
1|19|26|60|61
18|32|55|64|73
10|18|55|58|80
6|11|25|35|74
18|21|47|48|62
5|19|34|70|72
8|9|11|43|73
22|27|49|52|63
15|38|40|57|62
9|12|16|43|67
36|42|52|62|74
9|15|35|40|78
5|26|29|44|59
10|14|52|74|75
19|20|33|58|77
6|49|53|66|67
18|20|31|34|37
11|32|47|67|76
1|26|42|45|72
25|31|63|67|70
2|8|9|26|78
6|11|19|53|72
28|35|63|64|67
10|36|44|52|72
8|9|29|66|79
33|50|59|60|78
23|40|45|59|74
17|19|35|53|76
6|18|32|48|69
26|28|31|43|76
13|18|39|60|68
10|14|15|29|31
7|31|59|60|79
11|16|23|56|61
5|47|61|77|80
16|22|67|72|73
5|13|15|37|39
34|49|52|77|79
5|21|24|30|69
2|6|29|66|80
9|16|17|28|75
3|16|25|29|39
6|8|36|67|72
13|39|40|45|55
9|26|39|54|56
18|22|49|63|65
27|41|44|70|72
22|26|58|60|61
53|55|60|69|70
17|32|62|67|79
28|56|58|61|76
2|6|32|63|66
2|8|10|58|64
4|33|44|49|57
10|36|39|54|79
9|35|44|57|75
3|13|26|55|79
2|11|13|22|29
11|18|20|29|53
9|13|16|37|58
10|13|20|32|50
17|44|66|70|80
15|29|43|55|63
1|4|17|24|42
17|40|52|54|80
9|24|35|63|79
2|3|15|39|63
9|17|26|42|46
29|33|58|60|75
21|33|53|64|80
2|12|14|17|70
4|9|53|61|63
1|16|49|68|74
29|32|34|39|63
19|38|44|46|70
19|29|42|52|63
9|12|42|59|72
42|44|56|59|64
3|15|30|53|61
1|20|49|57|77
6|14|38|55|69
6|32|54|55|75
13|14|23|43|56
1|8|25|45|57
8|13|37|55|76
3|35|37|57|80
4|21|43|52|58
29|42|53|75|77
1|40|54|78|80
31|40|61|68|72
4|15|18|51|55
13|19|55|57|63
17|40|50|59|73
19|31|57|67|71
13|17|44|49|54
4|5|60|75|79
14|26|36|38|50
21|39|58|61|69
32|53|54|59|63
19|22|28|31|33
3|7|33|34|58
16|18|40|62|75
1|12|13|23|71
23|37|50|69|77
10|33|38|46|63
11|51|68|69|74
12|26|28|53|55
12|24|34|44|78
1|18|32|47|64
1|38|49|62|73
19|28|30|43|45
2|6|7|31|79
42|43|72|75|78
9|35|45|71|73
15|30|46|58|79
1|21|28|54|68
13|30|47|50|78
8|35|41|45|54
11|28|72|73|74
20|35|45|65|69
18|25|35|41|60
11|13|15|37|75
6|46|71|73|78
2|17|30|41|64
15|21|45|47|63
26|35|51|70|78
2|5|46|47|51
16|23|50|59|65
9|50|51|58|74
23|39|44|54|57
44|50|52|60|70
17|34|53|63|77
6|16|18|41|44
11|34|35|58|73
26|43|54|57|65
31|34|51|55|78
4|21|31|62|72
2|16|19|22|36
7|52|55|64|73
2|9|43|64|80
39|41|62|65|72
26|44|56|64|65
8|15|22|35|45
15|42|54|61|69
9|13|29|38|78
11|24|28|31|37
34|35|45|68|71
18|26|48|53|75
5|13|29|50|58
41|48|63|67|71
16|23|29|44|50
13|15|44|69|78
14|34|44|45|51
14|34|39|55|56
8|32|36|76|80
1|10|38|56|63
5|19|30|31|65
11|19|31|44|68
8|19|24|30|47
1|14|27|55|62
2|16|29|66|68
37|38|52|65|75
9|34|41|71|73
5|7|8|47|77
5|39|57|59|79
26|30|52|69|76
10|13|14|43|51
37|54|65|70|80
23|41|48|76|80
25|36|42|45|52
16|33|41|61|75
17|30|47|52|54
6|7|26|27|37
5|19|21|26|40
3|20|25|63|71
36|48|51|54|65
10|26|58|71|78
5|13|49|58|75
19|33|37|38|49
15|21|33|38|73
1|19|53|56|57
9|46|50|67|79
2|3|12|13|18
6|14|18|35|61
2|12|27|46|59
17|50|59|66|77
33|40|56|66|74
1|4|12|25|61
10|33|36|72|76
5|19|60|70|72
1|40|47|50|62
21|41|52|58|71
4|21|47|59|79
39|46|50|64|72
16|25|27|56|80
15|26|55|71|79
5|44|53|67|77
1|60|61|66|73
13|18|19|51|70
22|25|41|56|58
2|18|51|64|65
6|21|26|31|48
10|23|48|66|69
18|19|32|34|78
2|12|17|28|31
17|19|30|43|45
32|41|71|73|80
24|53|61|62|72
4|7|42|50|69
22|53|62|68|70
1|26|33|57|58
23|26|36|43|65
5|13|25|30|66
11|21|26|29|64
36|41|51|66|77
4|10|23|61|64
4|27|46|64|78
4|15|16|33|44
1|51|58|68|73
1|17|27|39|55
1|52|60|65|77
9|32|54|55|75
25|28|35|54|69
1|2|7|23|61
1|10|36|46|80
4|8|41|76|79
7|9|46|53|76
16|23|27|43|50
15|24|61|65|66
17|19|39|55|79
4|23|25|37|72
11|18|52|61|68
2|7|16|53|78
1|3|13|27|56
14|49|50|65|78
19|51|56|60|70
10|25|64|72|78
9|24|65|74|77
9|37|42|50|52
3|28|49|70|73
7|38|57|66|73
15|40|42|43|52
12|16|21|56|78
15|36|51|52|63
3|9|15|50|72
29|43|52|59|77
2|17|64|73|74
7|8|56|72|77
12|13|18|59|66
7|35|58|74|76
9|21|43|48|71
11|14|31|34|44
8|39|45|56|57
15|18|43|65|77
10|24|52|71|77
11|13|27|29|70
8|17|33|36|75
26|39|40|48|53
7|8|23|45|73
1|11|46|63|76
4|5|45|48|75
40|66|70|72|78
18|22|37|43|66
24|36|44|56|73
2|12|35|44|80
5|11|12|40|79
1|32|52|59|77
11|50|54|55|59
53|56|60|64|68
10|30|38|55|69
6|8|22|25|47
23|24|30|55|64
4|24|38|67|79
3|15|25|35|47
48|56|64|66|76
16|23|24|27|28
25|32|40|61|79
7|29|42|56|78
33|45|49|54|69
3|21|24|72|74
42|58|62|73|76
7|14|25|35|57
6|14|34|51|58
18|28|38|55|75
9|10|24|59|66
33|38|73|76|79
26|27|29|62|73
7|17|35|45|63
26|36|37|42|73
10|32|34|56|63
5|12|34|40|53
20|34|49|53|78
5|11|28|30|63
3|24|50|66|78
53|59|67|72|75
12|16|46|49|77
3|20|63|68|77
14|22|48|58|59
6|11|18|31|59
2|22|38|61|78
15|29|36|40|59
5|7|9|15|70
14|37|53|68|72
24|33|52|60|72
7|48|62|70|77
16|21|55|63|78
23|37|41|44|80
29|42|62|65|68
28|31|49|53|78
5|11|17|27|60
12|18|29|50|65
20|34|51|54|76
28|39|43|57|63
23|42|55|64|75
38|50|54|57|64
24|38|60|77|78
24|32|44|63|71
10|25|31|41|76
11|28|58|74|76
1|36|48|78|79
3|37|42|56|57
35|39|40|79|80
10|17|20|37|61
10|36|40|51|72
18|34|38|42|59
15|44|61|74|76
1|22|30|47|57
10|15|23|36|49
26|46|47|48|73
15|41|51|73|77
15|27|55|60|80
5|7|39|45|77
20|52|53|55|66
14|17|45|54|72
6|8|42|67|78
6|46|68|71|76
4|38|56|79|80
4|9|18|32|58
1|16|30|45|50
43|68|69|74|76
19|40|53|74|79
5|7|44|59|65
6|36|43|63|67
9|15|22|38|68
22|23|24|44|67
45|60|64|66|71
3|22|30|48|50
1|27|30|38|62
7|29|41|54|79
4|8|28|64|76
3|19|45|49|80
14|19|27|51|77
27|30|37|58|80
30|35|38|63|75
2|19|22|31|78
5|25|47|49|58
2|25|43|60|67
8|23|29|38|57
16|20|28|62|72
8|10|29|32|70
11|22|29|46|72
13|29|39|55|69
10|27|35|54|73
10|12|62|68|71
30|36|37|50|75
1|4|5|11|29
45|47|58|62|72
8|17|34|49|67
22|60|64|70|74
12|27|48|69|72
4|16|18|22|73
9|34|51|55|79
5|13|20|44|62
8|11|45|46|80
6|18|29|30|75
46|49|61|68|76
1|15|44|45|54
4|15|19|40|75
4|42|56|66|76
9|44|46|71|78
12|13|33|35|54
14|33|49|64|77
18|33|41|42|77
7|21|24|34|44
17|38|55|62|78
8|10|48|53|56
50|53|56|59|66
8|11|25|62|79
25|26|33|44|75
6|25|52|61|75
14|29|33|51|58
4|7|20|31|52
36|42|47|49|53
34|35|43|46|49
10|26|52|58|68
2|15|26|48|57
13|24|27|50|61
7|22|55|62|65
10|14|21|25|56
2|15|45|54|80
3|4|35|37|46
1|7|14|20|57
17|19|39|43|54
2|18|22|27|68
15|17|32|45|71
7|26|31|59|76
26|35|43|53|71
9|15|23|31|54
4|13|27|42|62
8|10|41|49|73
31|34|36|50|77
2|4|19|52|63
14|38|49|64|67
34|44|46|63|74
7|17|18|28|73
2|9|19|42|60
3|43|44|60|66
5|9|31|73|77
1|28|47|50|55
17|21|44|70|71
28|51|55|69|73
14|32|59|66|69
7|12|26|32|37
14|18|20|57|58
1|15|44|66|68
21|38|49|61|79
6|23|50|58|61
4|8|22|30|63
10|18|24|34|57
16|33|42|51|62
10|21|22|36|63
6|18|20|49|55
24|36|38|65|70
20|36|42|57|69
11|12|17|24|78
8|12|25|47|79
17|26|29|46|70
2|19|37|39|75
41|54|57|62|77
43|44|45|51|71
25|41|48|52|64
28|38|55|69|76
23|40|42|75|77
15|36|58|70|75
16|49|52|76|80
4|16|68|73|78
14|32|50|57|77
33|52|57|63|71
14|21|25|26|47
3|25|28|31|79
18|44|59|63|70
10|11|29|57|72
18|23|39|53|58
3|10|48|60|67
32|34|46|58|80
33|34|35|54|64
32|34|46|47|80
18|19|22|31|64
16|50|59|66|79
4|7|27|60|70
8|20|43|71|80
1|44|65|67|78
15|25|28|63|78
8|17|43|50|68
28|36|37|38|77
26|31|49|62|65
35|39|51|74|80
27|46|52|64|75
24|31|38|57|68
26|27|37|61|65
8|9|16|64|68
19|40|56|59|63
24|41|57|68|79
24|26|63|72|75
20|39|40|49|58
13|39|40|63|74
9|17|61|64|66
32|54|65|67|73
14|48|59|60|68
3|4|6|36|70
5|31|59|61|78
15|22|28|63|79
1|29|38|61|69
12|34|48|55|79
10|33|53|69|70
15|35|44|49|62
14|20|21|23|59
40|49|60|63|69
36|55|59|63|72
9|16|24|43|46
21|23|38|44|72
5|17|55|63|67
15|48|59|69|76
4|12|32|55|59
11|29|48|56|72
40|61|62|63|71
7|11|42|47|78
17|29|30|40|80
7|10|16|25|75
12|24|36|39|72
19|34|35|58|61
10|31|50|54|61
4|21|42|55|68
8|38|52|68|79
2|13|18|26|62
6|22|40|48|55
4|45|68|70|74
32|37|60|62|77
9|15|38|49|50
18|44|46|56|60
1|26|34|37|58
2|14|17|54|80
2|12|57|68|73
16|33|51|63|67
15|28|41|47|51
8|38|39|65|66
16|40|45|46|80
37|50|67|72|76
20|26|33|41|60
10|17|29|43|46
5|30|38|56|77
2|5|19|61|74
13|49|57|59|78
2|9|15|46|62
26|28|36|53|79
14|19|23|44|67
12|22|48|52|57
14|30|33|65|73
4|7|14|16|43
21|27|36|41|51
16|29|32|48|54
24|42|43|52|65
2|21|27|43|57
2|8|16|31|54
1|16|19|72|73
2|21|23|35|48
2|5|6|11|51
51|53|60|66|67
4|11|33|59|76
4|10|20|34|63
43|68|69|71|76
14|35|38|45|48
2|15|27|34|69
14|47|73|74|77
10|14|31|53|67
20|26|48|59|74
4|11|16|34|63
7|29|66|75|76
21|39|41|66|74
24|40|45|49|68
4|19|22|39|41
10|15|22|25|78
13|16|25|32|69
8|40|52|67|70
6|20|39|57|75
10|22|31|54|72
20|51|59|68|73
1|16|21|50|80
10|21|26|38|54
11|26|40|54|73
10|38|44|47|59
4|36|51|58|75
19|28|49|53|77
1|16|30|60|67
24|47|68|73|74
11|37|41|64|70
2|8|56|72|73
4|15|28|34|52
30|38|45|53|63
19|24|26|59|67
20|45|58|69|78
9|18|44|56|72
11|19|27|48|55
13|22|46|67|68
19|20|47|56|76
10|21|29|33|68
15|29|52|79|80
11|22|34|44|72
14|39|45|50|80
7|14|49|56|74
2|29|34|47|70
11|18|50|51|80
7|30|44|45|57
21|33|37|51|71
8|12|22|52|64
37|60|61|72|76
14|27|31|36|45
40|44|45|52|64
28|37|56|59|65
17|38|57|61|72
3|11|29|30|37
1|5|41|57|78
26|30|31|39|60
3|23|25|29|68
23|25|41|72|75
22|24|37|40|48
2|12|45|59|74
1|25|53|67|74
14|19|38|45|47
14|15|41|42|73
20|24|25|31|38
1|4|49|56|68
45|46|55|65|76
7|25|46|64|73
4|8|10|34|54
24|41|42|54|55
35|52|64|71|80
22|43|53|61|75
3|16|36|65|74
7|26|32|37|42
6|32|51|61|78
9|14|22|30|51
16|23|24|30|76
22|42|46|61|68
20|31|34|41|61
6|41|42|47|58
6|19|49|76|80
13|30|33|61|75
7|17|27|56|75
11|12|13|42|48
11|23|28|35|37
14|27|43|59|66
3|12|54|62|67
4|23|28|39|79
38|42|47|64|66
15|16|41|46|47
12|14|27|53|74
12|28|30|36|39
17|28|30|31|47
37|48|65|69|75
1|4|19|53|57
33|36|39|44|62
39|42|54|56|57
11|18|32|51|56
21|40|43|53|59
4|56|67|74|77
8|33|40|54|73
7|21|42|49|57
1|25|29|61|62
10|23|48|63|74
7|8|20|26|66
6|13|19|20|72
11|45|62|67|77
1|10|34|49|76
7|27|45|53|56
11|38|48|51|55
24|32|42|53|73
3|9|40|60|61
15|43|56|63|79
8|20|32|42|68
28|30|44|57|70
27|51|54|63|74
12|16|45|61|65
13|26|40|67|69
10|18|24|69|80
4|33|58|61|76
16|37|60|63|64
7|13|15|17|48
18|50|55|65|77
4|9|47|51|58
6|24|65|66|78
13|33|46|51|70
4|51|58|69|77
15|32|45|69|72
26|27|40|43|52
21|40|63|72|74
5|53|55|57|63
19|26|42|43|50
1|11|53|57|79
12|17|37|45|64
2|9|47|68|70
27|29|39|47|66
8|61|62|64|65
7|16|38|54|56
20|59|62|67|71
5|22|28|64|80
12|18|31|35|45
13|34|46|51|77
12|20|47|71|74
28|61|70|74|77
15|17|41|50|72
7|12|15|43|58
25|39|52|64|79
2|39|44|48|60
9|24|31|39|78
6|22|40|57|63
6|42|51|52|80
2|17|30|45|70
15|16|30|38|79
4|38|44|76|78
35|40|54|66|71
32|38|60|71|80
12|27|49|59|79
1|12|23|46|51
21|50|51|61|73
45|46|48|53|59
20|34|36|53|62
3|61|63|69|70
19|33|53|61|63
58|71|73|74|77
28|36|42|45|49
1|5|36|64|79
9|11|22|35|52
7|12|40|49|65
15|50|76|77|79
9|51|54|58|69
4|24|28|46|72
22|32|39|54|66
33|36|55|68|80
13|21|38|44|74
17|21|43|55|57
30|37|42|66|78
2|21|31|37|57
9|23|42|63|68
10|17|24|46|53
20|40|43|61|70
17|32|39|55|72
4|12|33|38|62
16|37|55|70|71
12|29|31|34|68
5|6|16|22|47
24|29|30|35|62
5|23|33|37|67
41|44|66|73|79
24|29|36|69|70
10|26|65|66|68
16|27|29|38|39
2|35|43|61|70
31|45|69|71|75
11|21|41|71|79
5|13|67|68|74
34|51|58|61|73
5|42|59|78|79
16|35|49|50|74
5|31|39|60|79
5|17|18|28|80
1|33|40|67|75
15|25|49|56|65
8|11|64|72|78
21|36|41|58|69
36|40|45|57|70
13|24|26|49|66
7|32|69|72|74
14|15|18|30|57
25|27|31|35|75
7|19|34|59|62
2|9|33|41|63
8|15|28|48|79
3|27|43|49|72
46|52|55|56|73
2|17|20|60|68
23|28|33|51|79
1|5|7|30|56
1|15|47|63|66
12|17|37|55|64
7|21|23|69|75
10|17|41|47|50
19|39|54|60|75
3|14|20|31|51
6|10|23|55|69
2|52|65|75|77
14|17|28|37|75
27|34|50|57|61
14|54|71|73|79
29|40|44|50|74
8|26|48|66|71
8|10|22|24|62
1|11|39|41|75
2|10|11|25|48
10|22|26|48|78
9|27|59|61|65
5|17|32|53|79
25|29|40|69|75
7|16|19|55|62
4|35|37|39|42
3|29|43|57|69
29|30|39|57|66
18|21|29|46|74
42|46|49|60|71
8|18|59|64|68
10|27|37|45|59
5|27|32|64|73
1|5|27|62|67
27|32|57|61|80
14|19|26|37|80
14|48|51|63|73
24|36|42|62|75
2|4|27|36|51
4|29|57|59|65
13|19|37|50|72
19|24|40|75|80
3|18|30|33|69
10|52|64|67|72
5|23|51|63|72
15|26|27|30|59
1|6|48|57|71
2|33|38|51|70
7|14|17|74|80
9|13|22|35|44
5|15|26|64|65
35|44|50|57|70
25|40|46|50|57
11|28|30|63|73
12|27|30|40|61
13|17|21|48|62
16|36|44|53|61
5|65|66|68|75
5|14|24|43|78
12|36|54|59|73
4|15|24|39|66
42|46|48|74|75
1|2|20|36|73
20|36|54|56|61
43|51|55|68|71
2|47|67|72|77
11|33|50|51|76
4|5|23|26|77
17|21|22|35|74
11|16|22|49|53
14|42|53|59|69
10|37|50|59|61
5|13|17|62|77
5|17|27|58|70
20|22|51|59|66
9|19|35|72|73
8|23|43|50|71
1|18|30|53|56
12|29|61|69|73
28|44|65|72|76
28|50|60|61|76
24|28|34|42|70
32|45|48|79|80
59|62|67|69|73
30|31|38|76|80
5|6|32|76|77
10|20|58|61|73
15|46|53|70|73
5|24|37|53|71
16|23|48|53|71
37|50|58|65|76
6|13|15|33|54
8|30|39|70|77
2|26|42|61|74
23|36|64|65|73
23|25|27|40|74
12|18|37|45|59
17|21|47|53|65
16|17|37|65|69
21|35|66|71|76
35|39|47|61|66
3|15|19|53|75
5|17|39|58|69
19|55|58|70|74
10|31|42|76|77
23|37|62|63|72
3|40|45|65|72
5|28|64|67|79
4|11|49|65|71
6|10|11|53|55
3|6|10|20|76
1|20|27|33|48
8|14|15|24|28
20|28|39|52|70
21|56|67|68|77
15|33|39|55|62
37|39|45|52|71
19|23|45|61|77
5|31|40|43|49
3|21|29|39|75
11|24|27|31|79
32|36|37|44|68
14|39|47|56|68
18|37|40|44|71
13|45|48|52|73
9|10|21|32|59
49|57|60|66|70
3|15|43|57|68
14|15|38|58|77
6|27|30|49|58
24|41|52|62|78
16|24|47|61|68
14|23|34|43|54
22|24|41|69|73
27|35|41|42|44
22|23|33|79|80
20|54|57|73|75
12|16|29|30|48
18|26|35|52|63
1|45|48|60|61
2|10|16|23|57
15|25|39|41|74
1|24|68|78|79
6|29|44|45|58
17|33|41|54|71
23|60|66|71|74
1|53|61|71|78
20|46|57|75|77
4|34|40|46|77
1|29|38|39|52
6|23|31|38|52
50|54|63|79|80
16|19|59|62|69
12|44|45|59|76
23|31|47|58|76
38|53|59|74|78
18|39|50|53|65
17|31|54|55|72
12|21|29|43|69
10|17|40|57|69
2|6|36|41|80
12|14|16|24|74
1|18|20|23|26
13|18|35|45|47
23|35|40|48|80
9|22|68|72|79
24|39|45|64|65
19|42|43|50|78
26|27|33|73|74
1|29|53|57|60
13|19|35|56|62
29|47|64|65|77
1|16|32|38|67
1|12|43|69|75
10|11|40|45|79
3|24|35|46|79
8|27|32|59|75
20|35|42|45|57
6|33|43|53|62
5|29|42|49|74
12|27|35|71|79
8|27|34|59|61
8|13|53|54|55
9|33|46|48|70
5|17|29|49|72
18|29|53|56|68
27|41|42|45|67
4|35|53|68|74
10|36|56|61|74
5|31|44|45|74
6|16|29|36|54
31|46|47|60|67
2|12|17|42|72
22|28|51|58|75
20|53|58|66|72
7|18|49|56|75
9|42|74|76|78
28|39|58|59|77
2|7|20|53|64
17|38|40|52|70
3|4|26|60|61
3|17|46|63|78
44|46|50|63|79
9|16|17|58|64
14|26|27|55|56
13|24|65|73|74
7|29|49|72|73
3|4|23|34|57
4|8|33|67|72
15|27|47|61|71
23|46|50|63|75
8|28|33|37|77
15|23|49|51|71
2|16|50|73|78
20|27|72|75|79
18|26|37|49|77
19|36|38|54|66
26|31|39|45|80
1|30|42|57|71
14|28|29|36|41
15|43|56|69|77
15|20|48|75|79
8|30|40|68|77
22|30|49|63|64
1|11|15|27|65
31|53|55|60|68
8|13|28|31|74
13|14|42|58|61
3|8|42|75|77
34|40|42|49|66
40|66|67|72|77
24|28|31|35|47
4|10|19|68|79
35|45|47|76|79
16|43|51|59|76
23|34|36|52|69
22|61|65|66|70
4|12|17|61|62
10|12|42|48|60
30|51|57|66|79
4|47|51|63|75
25|29|36|56|70
20|29|32|43|65
2|8|33|60|75
4|11|40|60|67
18|30|49|59|60
18|26|46|55|56
9|25|29|31|78
6|46|52|53|56
4|20|35|59|77
7|36|42|49|76
8|40|41|70|80
45|52|57|68|70
11|31|34|43|60
3|35|68|75|78
19|30|36|51|57
11|15|29|48|67
28|29|40|46|67
1|3|5|67|79
15|48|52|53|76
12|25|43|46|68
31|51|59|73|77
38|43|60|70|76
8|14|69|71|79
28|50|57|71|72
18|24|30|66|76
7|9|13|18|24
28|40|62|76|79
2|46|50|55|72
32|35|44|55|65
4|6|22|34|43
35|51|71|77|79
15|16|24|27|67
19|31|36|46|70
4|18|21|76|79
13|36|40|55|56
5|18|24|41|63
4|20|28|60|78
30|53|59|64|80
4|13|51|52|62
6|17|25|26|76
23|34|63|73|74
35|42|62|69|73
12|27|49|55|70
32|42|45|64|77
9|24|32|54|63
34|50|54|56|69
16|34|35|45|60
31|36|46|47|59
6|9|30|39|40
3|23|32|72|80
9|22|56|60|64
18|19|50|54|67
1|36|46|54|70
19|20|22|26|61
16|22|54|67|77
27|28|38|44|57
5|7|16|25|26
23|44|54|68|79
2|23|39|47|66
45|48|55|59|80
2|21|53|59|74
3|16|17|34|67
3|9|10|40|70
12|26|38|49|62
8|28|42|51|68
6|9|12|25|27
13|26|45|63|68
16|64|66|74|77
2|41|53|71|72
18|23|48|78|79
41|57|60|68|80
6|10|16|49|78
8|19|29|47|74
11|18|20|58|60
39|52|54|63|69
16|32|37|53|59
9|22|43|53|67
23|31|46|47|76
28|33|71|72|79
3|23|33|68|73
22|59|62|63|77
5|21|36|45|73
4|12|26|57|67
23|24|37|49|78
8|24|26|35|75
26|27|46|51|75
29|35|36|48|62
4|20|40|50|62
10|23|44|56|71
2|14|28|35|48
16|52|56|59|65
5|10|24|51|64
7|41|48|58|62
43|45|48|66|69
4|37|49|51|68
14|15|28|58|68
37|42|48|64|71
17|20|29|56|61
32|49|57|62|71
3|10|52|60|62
9|27|55|63|74
28|30|49|61|80
5|22|39|40|56
4|5|6|42|66
1|13|53|54|72
7|12|16|35|50
7|15|16|40|43
19|31|47|49|65
4|21|29|30|80
2|15|38|41|61
3|22|34|72|75
25|32|51|64|80
18|21|43|45|47
1|11|35|77|79
3|8|49|54|63
20|27|29|48|67
20|36|59|65|79
34|53|67|73|79
25|29|71|72|78
6|28|36|55|76
4|5|13|14|17
5|12|29|35|65
1|8|43|65|80
16|31|36|44|68
39|49|50|67|76
33|50|52|69|70
5|18|49|59|65
29|40|43|62|68
32|42|44|52|62
2|5|27|29|80
42|54|57|63|68
46|49|55|57|70
22|23|50|68|69
18|40|62|66|75
18|59|62|72|77
12|28|39|58|80
18|28|39|44|55
4|5|10|34|55
23|35|50|55|75
10|22|23|35|60
15|29|58|67|70
5|22|36|41|79
20|38|40|45|48
33|46|72|74|78
4|13|51|72|73
15|27|40|68|76
28|33|39|46|74
7|11|13|26|35
6|13|32|47|50
10|26|33|37|59
16|28|34|64|77
28|51|59|68|77
36|39|75|78|79
4|10|11|21|53
7|19|46|69|73
6|48|53|77|79
15|25|37|43|55
4|46|48|49|65
15|22|34|60|61
44|58|66|67|75
4|10|15|48|54
2|26|51|52|65
2|10|14|24|34
34|37|55|60|70
12|39|40|70|75
5|27|30|50|62
5|20|26|52|80
10|36|38|51|80
3|62|63|66|69
1|22|38|57|62
39|41|42|63|69
4|5|15|46|60
17|21|50|68|76
17|22|25|39|40
4|10|52|73|75
15|26|62|74|80
6|23|33|36|53
1|8|55|74|80
16|19|21|28|61
8|28|34|48|64
36|48|52|71|74
7|14|24|62|68
37|42|49|51|76
22|29|50|58|78
22|31|48|70|76
12|46|48|72|77
14|24|27|73|75
7|25|26|37|55
4|7|33|52|57
4|8|18|47|78
4|7|60|73|74
5|28|55|58|78
4|11|18|38|64
23|32|71|75|77
11|48|49|50|54
1|19|37|44|48
21|34|37|43|71
29|33|47|63|76
4|5|6|41|76
36|38|57|67|68
45|47|52|73|76
10|40|59|64|74
6|7|14|51|52
31|33|39|49|54
6|32|47|54|78
10|14|22|68|77
6|28|37|38|77
18|24|41|67|76
15|27|30|58|61
16|26|47|50|78
31|39|46|66|79
3|21|39|45|53
34|50|71|77|78
13|61|69|70|71
12|17|23|26|60
31|60|62|73|76
44|47|49|55|80
25|38|39|52|53
26|47|54|55|79
37|39|43|68|75
8|31|49|63|64
4|39|41|54|73
28|61|66|68|70
9|13|28|55|64
7|8|45|47|62
10|31|44|53|75
3|28|33|52|57
12|18|26|31|33
7|12|52|68|79
2|14|31|60|64
14|28|39|71|77
32|37|44|50|58
15|41|48|52|58
7|24|29|35|56
2|4|26|49|55
1|30|50|57|65
11|28|41|69|72
5|18|32|58|64
22|52|57|59|72
2|13|42|52|75
17|19|20|26|47
18|27|31|63|78
1|31|44|48|78
4|38|46|52|72
2|60|61|64|76
4|23|33|44|46
18|26|29|59|69
5|18|22|34|56
11|15|39|40|69
19|31|41|47|55
48|61|66|69|72
23|40|41|78|80
2|4|20|25|57
4|20|25|34|56
56|69|74|75|78
5|7|33|36|38
1|10|23|52|53
1|15|20|57|79
8|25|30|52|67
1|42|48|53|62
28|30|47|55|58
2|17|22|74|75
11|18|26|53|56
21|29|60|62|65
11|15|26|29|39
21|31|62|68|78
1|31|44|54|72
5|29|35|58|62
33|39|48|65|77
24|25|55|62|69
14|26|32|47|69
1|20|31|36|61
20|33|42|49|72
2|11|28|42|76
14|17|28|47|56
9|22|38|39|55
4|49|51|58|60
1|5|32|53|71
6|24|25|38|53
1|46|53|70|75
3|29|31|35|48
1|11|25|30|75
8|11|25|26|50
1|31|59|70|80
14|25|29|60|77
33|37|44|50|79
13|47|58|75|78
17|28|30|37|46
11|30|37|46|70
1|38|53|64|76
25|41|59|66|74
9|11|66|71|77
30|40|43|44|78
15|26|29|47|79
37|49|52|56|65
10|13|17|37|38
15|26|31|36|43
13|48|64|66|77
1|33|41|43|60
38|61|65|66|76
10|16|36|61|80
15|18|31|54|55
34|55|67|72|77
7|8|10|61|73
1|47|58|64|73
1|7|15|72|73
33|53|56|71|79
5|28|40|47|73
2|3|16|56|73
5|11|60|68|79
17|19|33|37|71
22|26|35|59|66
37|49|65|72|79
31|35|41|44|47
4|19|29|69|71
12|26|36|45|75
9|11|15|47|53
5|10|33|49|61
5|33|41|48|54
10|13|26|38|63
4|9|25|41|45
2|19|49|53|69
1|5|40|70|73
23|25|51|52|56
12|18|39|40|60
5|19|37|69|72
6|14|66|68|73
17|35|40|46|74
5|7|22|40|62
2|34|38|41|44
19|30|31|43|52
6|8|17|39|73
5|9|62|66|74
25|35|52|57|60
15|17|33|73|76
25|32|69|78|79
17|30|31|39|75
35|58|64|73|77
13|15|22|43|48
18|31|37|51|71
3|33|35|42|68
30|32|34|40|69
16|23|25|38|53
25|28|34|43|56
1|4|44|57|66
5|33|38|58|78
10|37|43|48|74
14|19|23|68|69
8|16|58|63|72
15|34|40|42|52
3|5|37|40|48
12|25|30|55|80
34|71|75|76|78
19|30|41|56|64
1|20|54|59|71
7|11|41|49|68
4|17|38|40|49
41|47|64|66|72
12|18|34|57|74
11|49|58|73|79
10|28|51|54|68
10|29|42|63|80
10|26|28|61|71
5|40|42|53|57
11|39|44|49|71
1|7|19|40|53
3|17|36|37|45
18|36|49|65|79
9|18|25|65|72
2|13|39|56|72
25|30|32|68|75
8|12|48|52|60
4|19|27|33|55
9|25|26|31|40
32|48|51|54|70
7|56|62|64|75
5|18|37|39|58
31|43|46|55|77
24|34|45|74|78
13|33|39|57|64
4|32|43|44|52
5|6|10|26|64
4|14|15|29|36
6|7|10|38|48
18|21|52|60|72
42|44|58|62|70
14|17|39|45|76
7|19|72|75|78
1|5|15|27|44
6|35|40|53|65
17|21|25|44|75
38|53|69|75|78
1|17|22|38|67
31|33|63|67|72
8|24|31|39|72
11|12|26|29|77
9|14|28|56|62
3|10|13|37|80
10|17|23|45|68
11|37|55|62|68
8|13|14|33|59
19|55|66|67|78
6|43|44|57|80
15|18|23|34|60
11|23|29|62|70
21|28|29|51|58
31|37|62|73|77
1|8|15|23|57
7|23|49|58|65
31|35|41|66|75
2|9|37|66|67
18|27|50|63|64
15|16|34|42|43
6|20|57|63|66
17|20|29|46|79
15|29|36|75|80
12|45|69|71|77
8|35|61|67|68
18|31|57|79|80
6|57|68|69|80
10|32|33|39|69
2|6|54|73|76
5|12|25|54|62
8|10|14|47|48
10|53|61|68|74
9|27|59|62|74
12|27|36|47|62
11|13|20|33|67
9|20|26|36|54
13|29|31|39|44
44|51|54|55|75
2|6|39|59|73
2|10|13|55|58
8|38|40|63|78
7|9|22|24|80
14|21|69|70|79
2|53|57|71|77
22|29|66|69|77
5|28|39|75|80
2|5|15|36|62
44|57|71|76|79
33|41|52|56|75
24|26|28|48|68
51|53|75|77|80
6|11|15|25|48
4|23|24|25|31
28|41|58|60|79
23|28|40|49|73
19|31|44|62|65
3|37|42|54|70
12|22|33|40|56
43|44|48|69|70
9|27|37|67|76
11|23|29|31|44
11|22|27|40|78
18|24|29|66|77
6|15|26|28|60
13|19|27|30|44
2|10|38|49|73
6|25|31|71|75
5|10|36|50|60
35|40|43|55|69
3|39|74|75|78
6|9|21|37|47
6|16|21|48|80
5|10|11|47|65
15|26|58|62|79
2|23|37|58|72
43|50|55|79|80
1|14|15|23|30
19|32|43|50|52
25|33|44|61|75
27|41|67|71|72
7|35|54|59|71
11|14|24|76|79
14|32|38|51|60
4|8|26|55|75
4|36|53|73|79
17|36|37|41|43
36|42|51|71|78
40|43|46|66|71
6|14|37|54|62
39|46|54|55|76
1|3|31|37|42
18|20|25|47|68
19|20|30|55|78
13|18|37|46|47
7|11|41|49|59
8|29|39|59|73
18|53|59|67|79
9|33|60|70|75
6|16|31|50|56
12|42|43|76|79
2|8|20|24|69
13|19|34|69|77
1|3|39|53|59
29|45|53|72|80
3|4|12|13|68
10|14|37|61|74
6|13|39|43|65
6|9|19|46|67
14|19|30|72|76
12|31|42|46|56
14|30|51|53|71
9|21|39|47|75
9|18|27|51|56
8|9|33|39|51
29|40|41|57|70
10|14|15|63|73
15|43|68|74|75
13|20|31|62|79
6|49|51|54|56
12|33|34|40|67
1|28|50|63|74
9|17|44|50|63
5|10|19|29|50
1|3|28|48|69
4|25|50|59|72
2|18|41|68|70
1|13|42|56|65
17|37|68|74|80
33|43|45|65|72
3|9|37|64|68
10|12|51|65|71
6|17|66|67|75
1|3|4|33|49
17|20|41|64|76
19|22|29|30|32
2|5|19|31|62
10|19|41|47|54
23|24|32|42|73
16|29|32|39|70
20|40|57|70|79
22|36|41|68|77
8|12|26|36|59
4|25|35|44|62
24|25|48|52|79
4|15|20|64|80
2|3|16|18|63
16|39|50|70|76
10|34|58|75|80
7|45|62|63|69
5|20|26|59|61
1|4|17|54|55
10|45|61|62|80
1|52|59|69|72
25|42|44|64|69
5|22|27|47|73
2|4|30|37|44
20|48|52|79|80
13|24|61|62|78
21|52|60|68|73
1|31|39|48|56
15|25|26|30|78
1|32|38|53|77
3|4|12|70|78
22|25|28|37|56
16|45|46|50|77
22|41|48|71|76
5|15|17|42|60
2|18|35|50|54
49|59|68|75|77
3|22|63|68|74
16|30|34|43|51
10|14|29|47|65
2|4|39|72|73
2|10|32|43|77
8|18|34|35|67
7|68|71|74|76
29|36|44|54|59
1|18|20|50|70
22|41|58|60|78
15|28|49|61|80
6|38|42|60|67
10|21|38|57|59
7|29|40|41|53
4|15|35|42|46
6|8|37|46|53
6|7|9|53|67
1|20|51|62|74
6|28|34|44|60
13|15|21|52|72
5|22|52|62|67
46|53|72|77|79
19|52|56|70|74
9|13|58|69|72
3|20|45|58|68
7|10|40|45|49
13|21|64|66|80
14|22|38|39|80
3|13|22|39|69
13|35|60|63|73
6|37|41|52|55
16|48|53|61|74
9|17|46|47|72
5|26|27|46|59
2|47|58|66|68
4|6|11|56|67
27|44|54|70|73
12|22|31|36|77
7|19|40|63|80
9|25|37|40|70
2|13|20|38|50
16|44|46|51|66
14|17|21|25|42
19|35|45|60|77
16|18|26|37|80
7|21|60|72|75
20|21|64|74|76
1|4|20|58|74
49|61|64|71|75
17|49|50|51|78
10|12|52|65|70
13|33|40|57|69
47|51|61|62|75
14|61|62|64|72
41|55|62|75|80
2|20|27|56|61
9|28|36|41|79
1|5|8|25|80
5|11|35|44|78
9|42|60|72|79
4|6|7|62|74
1|27|32|57|77
7|13|17|32|61
37|40|43|50|58
3|51|54|55|57
26|34|37|44|45
4|56|57|62|65
7|11|46|53|55
14|28|48|67|69
1|2|4|9|67
23|44|45|51|68
31|34|54|56|71
42|47|52|69|70
10|33|59|60|80
15|45|63|64|66
1|27|30|40|71
15|47|51|68|72
2|13|22|34|61
7|20|25|36|73
16|17|48|73|80
3|6|30|47|72
4|11|30|34|62
9|13|41|58|60
2|42|46|50|78
19|20|55|60|74
11|28|33|49|52
7|23|30|50|79
40|55|73|75|78
17|32|34|48|76
13|14|53|54|64
3|35|52|53|66
5|7|25|36|63
18|41|45|68|72
15|18|58|59|60
8|29|45|51|72
3|10|11|13|28
8|20|38|71|79
1|4|8|70|79
9|10|22|34|72
20|36|44|52|63
15|16|40|51|69
4|7|60|68|72
11|17|48|52|77
11|23|41|42|77
5|40|43|65|72
20|39|48|64|65
11|29|30|34|66
16|24|38|39|77
17|37|40|63|79
16|45|61|75|76
14|27|30|32|50
27|40|44|58|76
5|12|38|72|77
4|30|43|50|62
20|29|49|72|74
2|7|47|54|72
3|6|32|65|78
2|9|17|19|49
16|31|35|45|51
2|4|12|16|73
10|17|25|27|31
14|39|45|66|73
29|33|54|71|72
1|2|12|16|56
16|39|58|60|73
2|14|30|59|64
8|44|52|63|64
6|9|16|57|60
2|46|60|71|78
10|13|41|61|76
21|28|46|71|72
4|18|31|61|66
1|6|21|52|63
1|19|26|49|75
3|43|45|58|80
35|45|59|68|74
19|36|39|42|53
4|15|28|43|80
33|35|56|60|74
31|34|55|58|67
10|12|19|20|34
3|10|35|45|47
27|37|46|67|70
21|26|32|39|51
12|40|49|56|76
8|10|44|61|71
3|24|35|56|62
11|18|26|27|66
13|14|25|58|70
7|22|42|45|49
23|42|53|64|74
21|30|54|66|71
1|38|41|44|70
1|4|13|22|72
2|10|14|55|77
10|30|60|71|78
11|27|69|75|76
6|32|41|52|53
8|15|19|44|56
11|13|26|64|66
5|29|59|62|72
2|18|41|45|46
1|15|16|70|73
8|18|30|44|70
8|11|22|56|65
3|31|50|75|79
9|25|32|40|69
4|21|26|35|57
9|23|33|40|42
3|4|53|58|66
24|27|43|63|80
3|15|40|69|80
15|42|46|50|76
28|34|65|66|70
3|12|52|54|67
27|29|67|69|74
5|31|33|53|73
24|26|38|47|80
7|24|26|50|66
6|24|68|74|80
8|37|43|45|68
10|30|35|37|65
21|24|37|57|60
5|29|42|44|76
19|49|51|63|78
7|31|66|75|78
14|49|54|57|76
36|53|56|62|71
11|29|31|38|52
13|19|23|30|32
4|29|40|50|55
5|16|26|60|80
3|15|24|65|75
2|27|29|35|78
8|10|19|20|32
7|19|23|31|37
1|5|11|72|76
7|11|30|36|52
19|21|43|72|79
10|27|32|33|42
9|13|15|28|59
3|6|33|47|60
32|44|49|73|77
20|22|30|39|53
37|43|51|68|72
27|28|55|59|71
3|14|18|67|73
5|24|43|63|75
11|13|44|52|80
1|9|29|75|76
7|18|49|53|71
47|51|54|56|80
16|18|42|54|61
10|14|62|63|75
16|23|26|55|59
16|28|33|57|61
29|46|52|55|73
12|30|46|54|56
36|44|45|60|66
7|8|9|50|75
27|42|56|63|65
9|13|35|45|70
12|20|22|42|79
2|13|50|71|80
15|21|22|34|79
7|8|59|64|65
22|38|40|63|66
9|40|60|61|67
14|27|32|51|58
17|42|48|54|68
8|39|48|71|75
20|48|60|73|77
26|28|51|64|74
12|28|29|34|71
2|20|23|43|51
4|39|50|62|76
24|40|42|52|74
10|34|37|74|77
47|51|58|60|76
23|60|62|68|80
8|10|22|66|76
4|39|46|68|71
4|8|37|44|50
22|49|59|66|76
38|42|57|62|68
14|22|45|64|72
32|36|41|51|76
5|16|50|51|57
42|43|65|66|70
10|27|54|59|75
1|35|36|44|67
5|14|32|55|56
7|13|25|61|78
34|40|65|66|76
1|2|4|41|72
27|38|45|72|78
5|34|61|67|77
15|23|29|53|64
2|13|16|59|61
7|17|26|41|63
22|34|35|48|80
8|35|42|54|57
11|38|42|46|74
22|29|72|78|79
3|24|43|47|63
12|17|54|58|67
8|15|43|53|72
24|29|46|74|76
20|32|46|48|62
16|33|54|56|59
27|43|45|49|69
14|23|54|58|80
28|31|47|51|59
16|17|45|50|62
9|40|50|52|58
10|17|18|28|31
27|38|59|67|75
17|42|55|70|79
12|14|36|64|80
6|8|15|42|59
16|26|29|32|74
18|20|25|35|62
2|43|59|68|75
13|40|65|69|77
17|28|51|56|75
3|16|21|67|78
22|25|28|72|77
3|7|54|59|63
7|32|49|60|75
14|41|51|73|80
20|42|56|75|76
8|20|33|41|44
23|38|49|51|71
35|41|57|64|66
14|15|54|68|75
8|26|38|56|58
7|13|42|56|69
6|21|26|64|75
4|24|28|39|61
28|38|43|60|79
39|41|48|71|79
4|14|49|58|79
17|18|27|68|80
35|44|51|59|67
1|2|11|42|44
2|23|67|74|77
8|38|50|60|67
32|53|67|69|71
8|21|38|61|67
6|23|36|66|69
18|39|49|55|80
16|54|61|75|80
15|24|30|44|77
17|18|36|37|40
14|24|37|39|76
8|9|37|38|40
9|20|21|39|65
8|16|23|26|55
2|13|31|56|71
13|16|31|35|51
10|12|38|52|75
10|33|41|45|78
5|21|61|79|80
12|14|27|41|72
12|13|29|35|65
8|21|29|58|62
4|19|35|42|49
6|10|44|48|57
1|28|30|42|68
2|25|29|48|61
8|41|64|66|68
23|31|38|51|58
5|16|30|47|73
2|29|38|58|63
9|10|13|23|68
14|36|49|59|68
5|10|46|58|80
19|43|57|58|66
2|8|50|62|64
22|29|35|47|76
9|38|48|68|80
12|32|51|77|80
8|16|39|63|71
20|21|47|57|60
8|34|37|55|73
15|18|56|61|68
3|20|31|37|62
7|16|21|28|77
2|4|26|67|80
30|37|38|45|61
22|38|40|48|78
24|25|40|56|75
3|19|25|29|58
4|28|51|58|76
13|25|52|55|71
12|21|52|60|63
18|25|28|51|69
48|53|62|67|77
26|47|59|64|70
4|7|25|35|52
22|32|44|65|74
27|39|55|71|75
12|28|45|56|59
22|29|64|66|70
34|35|40|48|49
3|26|47|61|72
1|10|23|41|76
15|16|41|42|55
14|39|41|66|75
40|42|51|52|66
2|15|20|32|34
9|22|26|34|78
5|16|41|53|68
33|39|51|56|72
26|45|69|77|80
22|32|60|68|72
26|29|51|59|62
5|8|35|55|70
5|21|22|62|77
2|25|43|53|64
28|33|42|48|76
21|31|45|48|55
26|41|46|55|67
1|27|44|56|74
7|21|32|36|52
12|49|55|67|80
16|19|34|38|55
20|26|57|61|63
11|19|38|48|54
28|39|42|59|78
10|21|22|25|63
20|24|45|56|61
28|33|42|62|63
9|39|60|74|79
5|25|27|62|71
4|10|26|36|80
1|10|47|73|75
3|9|24|33|60
2|20|30|45|74
1|13|45|55|58
27|34|46|55|70
9|14|56|68|79
11|38|40|41|78
2|14|47|53|78
10|33|42|49|70
17|37|53|69|80
6|19|21|27|58
19|21|55|60|62
5|12|32|44|54
16|21|37|38|60
22|31|34|73|74
42|60|62|66|75
37|47|52|72|79
1|13|27|59|71
5|9|24|48|77
22|25|56|76|80
2|22|31|64|75
2|16|64|69|77
8|54|57|64|66
24|36|44|45|46
9|35|43|49|78
16|38|44|76|78
33|34|71|74|79
9|24|27|30|68
12|42|46|49|80
1|8|32|65|67
12|40|60|69|77
9|22|62|63|72
16|42|49|51|75
14|31|38|49|73
8|12|29|62|65
28|38|52|59|71
26|29|42|47|68
12|15|42|58|78
19|22|26|57|64
26|39|41|42|74
31|34|37|39|45
3|9|27|50|53
45|46|47|54|65
8|19|38|42|79
2|6|15|34|36
29|50|58|77|78
27|43|44|56|59
12|16|17|25|50
8|29|59|65|80
33|46|49|54|56
1|11|17|18|37
4|30|55|62|71
12|27|31|34|55
9|11|32|62|79
15|19|51|63|72
6|58|61|63|79
12|33|64|68|70
13|26|28|37|67
7|11|19|29|39
21|34|49|50|54
8|24|29|54|70
9|35|36|40|63
14|22|52|78|80
15|30|49|64|72
11|20|26|47|65
3|20|29|39|74
33|39|49|53|71
12|16|66|78|79
27|28|29|34|79
6|32|33|39|75
23|24|33|52|62
3|33|41|53|59
7|31|38|39|52
8|34|36|65|74
8|9|46|64|65
1|15|24|42|72
4|5|6|14|27
33|49|55|69|76
10|23|26|37|53
5|8|17|34|71
1|6|44|52|80
18|22|28|47|54
1|4|36|47|65
1|27|32|56|71
21|38|60|67|79
3|14|16|22|52
6|12|30|62|72
41|44|52|59|77
37|44|49|53|60
22|23|32|50|70
3|4|18|33|80
30|33|45|58|77
15|53|55|63|79
5|11|15|34|35
21|24|60|76|77
16|46|49|53|63
12|31|59|71|77
2|10|34|43|66
29|47|51|52|73
1|60|61|62|71
20|26|46|58|80
5|12|28|68|71
6|45|57|59|70
6|9|47|49|77
48|63|66|70|73
35|40|47|49|53
37|46|55|56|74
10|11|13|31|38
16|25|27|76|80
8|28|33|54|56
15|50|51|58|65
5|9|46|50|54
6|8|30|47|71
5|26|45|57|61
1|10|44|68|77
1|16|18|21|36
35|36|43|64|72
2|48|55|71|74
30|40|42|52|76
1|8|26|65|69
33|55|59|66|76
9|14|36|58|70
15|17|57|73|74
18|19|23|34|67
10|20|50|64|67
7|14|25|38|68
21|48|62|71|79
17|41|46|57|71
27|29|37|50|57
6|18|22|50|52
39|41|42|57|73
18|20|46|57|77
21|25|38|42|60
24|28|35|46|61
9|19|32|34|35
10|13|33|34|74
11|28|49|56|79
6|7|50|51|70
8|36|46|49|60
40|48|62|71|75
9|26|32|61|63
6|9|23|44|78
16|39|44|68|73
4|5|15|66|79
32|34|41|45|57
6|26|65|70|74
11|43|48|57|67
11|21|52|63|70
6|12|35|41|58
6|33|38|49|58
9|10|22|49|52
1|9|36|44|50
4|37|38|59|63
4|8|16|40|50
18|46|48|61|69
30|35|40|43|79
13|28|29|47|77
3|32|40|50|68
25|57|64|76|77
11|12|33|36|78
21|24|36|40|71
5|45|51|56|77
4|30|49|64|73
20|42|49|79|80
21|33|36|56|61
13|36|41|71|80
8|32|44|46|67
7|29|45|53|78
3|26|44|49|54
31|41|45|52|64
6|34|57|61|79
40|43|50|56|63
4|37|45|55|65
10|32|33|51|53
12|18|28|45|73
7|14|17|47|56
23|36|56|57|70
4|6|23|30|54
4|13|17|28|72
1|5|15|28|37
12|40|64|65|69
1|29|51|54|57
34|37|52|60|66
12|14|30|42|70
9|16|39|47|75
3|61|69|76|77
1|6|9|17|27
10|13|25|56|67
1|26|42|59|75
41|42|49|68|73
16|17|55|78|79
8|37|47|58|64
13|43|45|74|76
40|47|51|58|72
32|44|53|67|72
21|46|50|60|67
5|25|27|29|63
13|46|52|56|78
16|19|27|62|69
9|20|55|70|79
24|28|50|58|68
4|24|36|43|50
16|50|53|60|72
1|10|36|64|71
21|23|42|52|56
7|39|48|66|79
13|17|54|64|79
12|47|51|55|73
18|25|50|51|55
31|59|64|65|67
10|17|34|37|64
16|35|52|76|77
6|22|43|50|61
10|34|39|62|76
15|38|45|47|53
19|51|60|64|71
10|22|39|69|74
34|36|43|51|54
9|38|44|73|79
8|16|24|39|73
1|8|37|51|73
4|22|57|60|62
26|29|69|72|79
1|15|33|53|68
3|30|45|57|66
16|23|36|51|72
2|26|31|41|57
1|24|34|36|74
53|58|61|74|78
22|27|69|76|80
33|35|50|54|60
24|34|37|44|45
36|39|43|59|65
34|41|44|60|72
20|39|47|71|79
23|41|47|48|55
10|36|52|63|68
6|35|52|64|73
4|32|46|48|65
7|31|32|67|70
21|22|48|50|80
14|17|28|32|71
8|11|23|59|64
22|37|43|53|63
35|46|67|77|79
3|17|39|57|64
4|15|17|25|64
48|51|62|72|79
14|26|38|59|69
9|45|49|63|75
5|21|25|32|41
1|11|29|62|71
3|7|36|38|57
21|26|49|75|79
15|37|54|69|71
7|47|49|60|78
3|11|19|63|67
18|24|32|51|59
42|46|64|67|71
2|10|70|71|77
1|6|38|45|79
11|25|32|39|47
31|45|46|65|74
16|48|52|72|73
30|43|52|65|74
1|9|26|35|78
6|8|41|48|76
10|15|22|28|31
8|18|41|42|75
1|8|21|31|58
4|12|27|36|44
11|14|28|45|49
6|39|42|59|74
12|23|65|68|74
8|18|31|60|70
5|16|27|35|40
11|13|28|30|54
10|14|22|73|80
41|51|53|56|64
35|36|47|49|69
21|39|40|47|59
16|19|24|54|74
8|13|27|44|79
1|8|29|55|74
1|20|37|73|79
9|13|14|19|32
10|22|30|55|75
54|58|70|76|80
1|6|37|60|75
7|13|21|47|63
3|6|25|40|54
15|17|24|54|74
25|35|51|53|57
24|25|45|57|63
4|40|44|67|70
30|33|46|52|58
17|25|43|47|65
10|15|16|62|69
13|15|19|41|72
12|14|46|58|71
10|39|40|55|71
18|30|46|47|76
2|45|46|48|55
6|27|49|61|75
2|13|32|48|51
14|40|52|63|71
13|23|39|40|48
14|21|22|59|73
8|10|17|68|76
28|46|59|67|68
6|30|51|53|69
1|23|38|59|70
1|4|15|23|37
2|13|53|66|79
11|14|55|58|74
3|13|21|24|67
20|29|41|69|77
4|11|14|15|33
2|10|27|52|73
13|18|41|54|77
29|51|62|69|75
9|19|21|38|58
11|42|45|73|77
3|11|49|53|61
10|16|18|52|59
13|15|31|39|63
5|15|30|68|79
3|12|26|54|62
3|53|54|60|62
4|15|17|56|59
4|13|16|35|67
4|31|58|65|66
15|23|25|30|37
4|8|35|48|69
14|26|43|51|76
29|36|47|70|77
4|70|73|76|80
26|38|40|48|79
3|38|44|46|73
1|11|18|29|76
3|21|32|54|66
12|14|23|49|63
3|8|10|14|63
13|52|54|61|70
4|59|61|69|71
11|46|49|64|69
23|29|35|52|75
8|36|46|65|78
2|34|54|60|72
17|19|30|42|73
22|26|44|56|78
29|31|54|56|61
5|19|74|77|78
1|11|13|16|20
5|32|35|37|74
12|48|50|65|79
19|21|23|38|45
1|28|30|64|72
9|16|24|69|70
4|9|43|67|68
5|52|63|66|70
4|17|69|70|74
42|43|47|72|76
5|18|38|41|63
41|45|52|74|80
8|16|26|27|43
43|51|60|67|77
13|21|30|38|58
4|16|24|72|73
4|14|31|34|70
2|52|57|64|78
2|17|51|67|74
9|48|57|71|76
21|28|39|67|76
17|19|42|43|64
11|40|68|72|74
6|39|48|52|57
42|69|73|78|80
18|33|44|49|69
11|39|43|48|62
22|29|33|59|60
48|56|59|62|80
7|9|22|53|64
5|24|28|31|45
39|50|55|76|78
33|46|50|66|76
19|39|54|55|61
6|7|15|60|67
35|42|45|63|78
6|26|27|68|70
32|60|62|64|77
21|47|66|67|78
14|19|21|54|78
5|20|52|64|74
2|38|47|57|63
12|13|17|19|67
38|59|69|70|71
23|37|56|71|77
6|59|61|76|80
11|12|32|53|59
6|35|37|42|56
31|53|54|62|73
20|43|54|63|72
12|39|46|73|77
5|9|51|53|58
12|26|50|60|74
16|24|44|72|78
15|16|59|68|78
5|41|42|54|72
4|13|30|32|55
4|14|22|40|53
4|16|42|45|58
9|11|40|52|79
8|12|36|43|48
18|28|53|64|69
3|35|45|49|76
4|30|52|64|72
18|30|37|45|70
11|13|28|32|58
22|35|54|61|66
32|47|73|79|80
18|21|30|34|66
21|35|61|69|80
13|15|33|41|48
12|27|48|66|67
22|26|27|41|79
9|15|19|45|75
19|21|36|58|79
1|5|26|41|67
13|32|69|76|79
12|22|49|50|63
14|23|46|70|75
19|21|25|44|71
27|30|38|40|46
22|45|52|56|71
21|25|59|74|80
4|14|47|70|73
7|18|44|57|61
24|44|58|67|77
20|22|25|27|73
3|34|47|48|71
19|31|52|55|75
16|28|43|47|68
18|34|39|65|66
9|33|37|61|69
18|24|32|37|39
5|10|39|66|78
5|29|39|66|68
39|42|51|70|71
5|33|38|51|65
10|38|47|68|76
14|27|39|41|49
12|22|31|36|47
34|38|52|65|74
15|20|31|35|69
5|28|36|39|80
15|47|71|72|74
9|16|36|48|67
29|34|40|45|47
7|8|18|25|35
4|5|27|64|72
5|9|39|49|69
7|10|15|26|77
53|55|63|64|75
16|34|38|54|65
33|50|52|73|79
12|24|60|66|77
29|33|51|56|58
6|7|36|49|54
2|22|24|56|78
8|9|42|55|57
5|36|75|77|78
15|26|32|56|60
17|46|53|58|63
52|53|61|66|78
37|61|68|71|76
1|4|23|65|74
12|34|35|44|63
41|43|49|56|58
19|34|58|60|72
4|9|44|45|77
15|21|29|40|52
46|65|67|69|70
27|39|50|74|76
11|13|24|29|48
6|18|24|39|70
9|15|33|40|74
13|18|29|30|44
3|14|24|33|75
19|38|47|49|74
42|43|60|62|80
15|26|31|41|56
5|13|14|64|68
1|19|34|39|68
4|25|36|46|63
13|19|38|39|49
30|37|48|57|76
21|26|39|66|76
17|18|49|50|63
11|21|28|38|64
2|17|20|54|71
8|19|39|70|80
22|23|25|36|39
4|25|45|62|78
4|13|32|33|51
14|16|38|46|50
16|28|33|57|64
15|30|43|63|64
5|7|11|29|41
4|31|57|68|76
16|30|31|55|69
3|35|44|65|77
1|8|34|56|80
35|51|52|71|77
4|5|10|68|77
8|34|35|51|79
4|5|19|29|41
14|16|26|29|47
18|22|44|63|75
4|20|53|59|70
4|10|44|63|76
29|39|59|60|65
8|13|24|26|34
12|24|28|37|71
19|26|30|43|46
60|62|64|65|68
6|16|33|36|47
19|21|49|53|76
31|32|52|53|54
5|27|53|69|72
5|33|39|44|52
4|31|35|45|72
38|49|58|66|70
16|44|49|50|53
2|49|51|68|80
30|35|40|50|67
28|31|40|52|55
45|53|68|73|77
14|18|25|35|66
6|25|35|38|40
10|13|18|78|79
16|42|51|61|66
26|33|46|58|79
3|15|52|66|76
37|39|44|59|75
9|19|34|55|60
10|21|29|54|78
7|12|19|58|72
38|43|44|48|77
19|22|32|65|71
1|7|40|42|47
7|24|41|52|77
14|32|52|72|75
19|40|52|65|78
11|29|31|49|51
24|36|43|73|75
8|14|53|67|69
11|25|43|61|71
3|9|33|37|40
17|30|37|44|77
5|7|30|49|62
9|34|39|42|75
31|38|62|73|76
10|13|42|60|61
16|30|42|58|65
24|26|32|40|56
9|13|28|48|80
5|21|43|51|66
12|14|38|61|62
7|22|47|61|64
4|15|46|54|59
7|9|70|73|74
3|18|70|79|80
6|27|40|46|71
19|40|44|71|73
4|17|21|39|76
4|14|72|73|74
5|15|18|55|78
21|26|42|50|54
18|38|40|68|72
2|21|34|47|60
21|42|52|66|79
3|6|8|36|66
7|21|42|43|60
3|16|19|22|38
15|52|66|71|78
1|56|60|68|80
29|35|38|43|75
8|10|31|32|61
20|23|40|42|47
45|58|71|73|79
13|18|40|52|70
1|33|47|60|64
4|7|28|29|78
9|10|15|54|79
14|15|20|43|44
1|15|31|58|74
14|17|28|39|66
7|24|54|60|64
40|41|52|71|72
12|52|54|72|79
12|25|26|33|70
11|26|30|61|80
6|10|17|19|44
8|39|62|76|78
10|24|41|56|61
18|34|36|41|69
7|10|28|62|78
24|38|44|50|57
3|18|21|53|66
12|21|42|54|56
29|60|61|77|79
8|25|26|47|78
23|30|54|57|67
4|30|33|39|47
23|24|60|67|69
20|23|44|52|69
34|51|54|60|66
13|16|45|64|78
24|27|44|61|70
7|16|61|66|70
5|42|44|69|78
22|39|56|64|73
36|49|62|77|78
31|34|38|58|61
18|31|45|61|71
7|11|18|40|51
10|19|33|39|78
5|12|16|47|58
18|32|41|72|76
2|27|33|56|66
22|28|38|46|68
35|42|45|63|77
18|23|45|56|72
8|17|46|53|74
3|19|27|58|66
4|8|10|34|70
18|22|32|46|72
5|41|56|74|79
33|45|48|73|77
26|33|62|65|67
18|21|42|56|75
9|39|45|52|77
26|40|42|74|76
27|33|48|55|76
44|46|65|73|74
10|36|42|62|70
3|10|23|32|51
4|19|29|33|70
4|42|52|56|73
8|12|16|40|59
2|14|16|34|54
15|25|51|65|70
7|31|35|39|45
31|40|44|51|80
8|11|29|35|55
13|15|21|45|53
8|11|18|49|79
16|25|30|62|73
36|37|38|48|78
1|29|35|41|59
20|32|33|43|74
20|22|29|39|50
41|65|74|78|80
18|28|39|54|74
9|27|30|50|57
1|10|13|31|42
2|18|46|61|74
9|26|38|45|63
9|18|21|32|52
3|19|36|46|64
12|24|28|31|70
12|42|55|63|64
15|23|43|45|78
28|30|36|55|78
19|22|44|55|73
1|7|31|46|60
4|6|15|29|32
5|38|49|64|74
10|22|26|70|74
9|31|49|56|72
26|33|41|46|49
21|23|24|28|72
2|4|40|64|78
5|33|34|48|68
5|7|45|48|68
11|22|24|55|64
6|34|41|48|73
29|33|36|64|73
40|48|54|61|66
3|4|10|57|76
23|42|57|58|78
7|23|33|53|77
13|48|50|73|78
3|26|29|56|59
28|43|47|53|73
13|37|40|47|57
11|35|42|78|80
37|44|66|73|80
4|6|8|27|46
10|18|35|43|62
5|18|28|53|59
39|46|51|55|70
28|33|34|41|53
26|40|42|53|76
11|16|17|43|63
8|39|51|57|68
9|13|14|48|69
9|12|34|41|46
16|19|29|30|73
10|52|56|66|73
25|35|36|40|71
4|12|26|54|62
2|42|44|49|63
22|36|53|54|59
26|29|37|75|80
10|32|44|69|77
29|56|65|68|72
23|32|40|46|55
2|7|25|30|67
10|12|25|31|70
12|28|73|78|80
22|31|45|47|70
10|25|53|61|67
7|11|22|48|63
14|25|28|51|63
19|40|49|73|79
5|31|64|68|73
5|29|36|50|71
9|16|41|70|72
13|20|24|42|43
10|30|41|56|69
2|14|17|29|47
22|29|39|56|80
4|24|47|49|69
18|34|40|50|51
2|6|7|29|30
30|38|48|50|64
6|10|21|45|75
6|16|21|32|50
13|18|20|35|70
19|34|38|49|70
14|39|46|51|76
2|4|32|53|80
6|25|27|37|52
10|11|22|39|72
20|45|59|69|80
24|26|40|42|55
3|35|53|58|68
1|16|56|64|80
31|32|38|42|64
17|18|24|26|69
17|18|41|56|78
3|15|37|58|68
13|21|22|65|77
8|18|43|55|75
10|12|13|35|74
17|20|41|52|70
11|25|36|59|73
2|38|42|44|59
17|32|49|51|67
26|28|52|58|79
16|30|39|56|76
3|39|47|54|63
14|23|34|54|69
3|12|44|46|49
3|15|36|43|47
3|9|13|19|43
1|6|21|31|49
25|27|32|68|80
2|35|36|53|59
16|40|48|58|66
5|17|20|54|78
1|5|52|54|64
3|12|14|64|73
2|3|22|61|69
12|19|56|72|76
6|27|46|54|59
3|17|30|52|64
19|36|44|60|70
3|4|34|47|65
1|26|31|37|49
16|24|32|33|61
16|18|31|56|74
27|46|51|57|67
4|41|48|55|59
4|12|24|39|69
27|36|53|54|69
18|27|46|61|71
2|16|44|58|64
22|42|61|64|72
6|19|34|42|52
17|28|35|38|56
17|32|53|75|78
3|31|50|65|70
6|11|41|43|53
17|37|51|55|61
9|19|49|53|64
8|30|34|37|44
10|39|43|59|71
28|36|38|53|57
28|45|55|71|80
22|25|47|51|74
13|31|51|56|69
16|25|49|50|80
7|11|47|54|61
36|48|61|62|79
20|32|38|40|72
15|23|25|48|49
22|44|73|75|76
33|51|56|66|67
2|5|18|45|70
14|17|19|36|37
5|21|43|58|74
3|11|14|16|22
20|45|52|57|74
21|34|41|71|75
16|23|24|37|79
6|19|28|44|79
10|23|39|49|55
29|40|50|63|67
20|42|45|49|64
26|35|71|73|80
41|45|50|59|68
40|46|59|72|73
1|15|33|48|61
7|34|53|61|77
32|50|59|77|79
36|40|46|51|78
14|29|41|63|65
2|21|44|46|69
6|27|51|70|79
2|45|59|73|78
20|31|61|76|79
32|41|47|61|77
5|28|52|55|69
3|22|28|35|45
15|38|48|54|70
40|46|50|73|79
2|15|30|61|78
18|36|49|56|79
2|16|36|39|52
1|12|20|24|62
4|9|64|74|75
5|13|14|36|69
8|13|40|72|77
33|36|49|65|78
6|10|28|47|55
12|46|50|52|68
7|13|19|27|61
11|32|55|67|76
7|11|25|50|67
4|14|23|45|70
4|18|25|57|74
7|19|31|45|55
8|16|37|64|79
1|9|23|50|73
24|29|32|50|74
19|20|22|33|39
42|49|55|61|69
42|49|51|57|64
8|22|28|52|58
14|33|34|55|78
24|41|51|60|73
41|49|52|56|74
17|26|28|36|55
8|39|59|77|78
30|39|56|70|72
14|26|51|62|77
16|34|49|58|59
10|13|36|38|50
5|7|13|66|79
14|20|34|73|75
4|13|18|46|47
3|7|21|41|67
15|31|36|47|76
18|22|31|45|79
5|27|28|35|40
24|37|40|44|59
3|5|13|37|45
19|28|44|46|54
2|38|74|76|77
2|5|13|39|55
3|9|54|56|61
11|14|32|38|41
19|27|35|49|78
11|13|24|64|69
31|38|39|51|54
9|29|35|55|70
6|31|39|46|52
16|38|39|44|71
10|24|48|57|77
46|54|58|59|70
19|32|49|56|73
15|17|44|52|69
30|59|68|72|75
9|24|34|52|55
4|20|42|58|66
9|25|40|41|61
4|19|30|39|62
7|34|60|61|66
15|18|19|70|79
12|14|26|66|68
4|10|14|41|45
8|23|46|47|59
1|6|9|49|75
11|16|20|62|75
7|11|66|74|77
6|38|41|75|80
3|38|56|64|66
4|13|30|49|63
14|36|42|67|80
5|54|57|67|75
1|15|39|41|55
26|29|34|43|79
7|26|44|71|80
15|33|40|57|60
30|41|47|71|78
34|38|41|56|62
8|16|28|63|70
23|47|56|77|78
15|20|40|71|72
8|50|59|72|75
12|23|32|43|59
2|12|35|55|56
46|50|62|69|70
21|39|76|77|80
6|23|43|65|70
7|18|30|41|69
11|16|41|67|77
43|59|69|75|77
5|13|46|47|70
6|28|29|39|50
1|16|25|27|37
10|27|45|69|71
27|35|41|58|59
7|68|72|75|77
1|25|35|43|48
34|39|41|46|68
9|10|67|74|76
25|26|53|55|73
11|32|38|43|80
25|30|34|49|66
9|18|30|54|75
7|48|53|62|74
7|11|31|76|78
11|32|43|58|61
19|35|42|54|65
2|11|42|60|62
18|32|34|48|65
9|19|28|46|76
7|23|65|71|74
11|18|43|72|73
2|42|51|53|59
12|13|21|53|77
31|61|65|77|80
31|37|38|49|67
5|16|24|61|65
36|39|42|61|68
13|22|41|42|71
8|26|38|46|74
29|32|42|52|59
3|25|28|51|70
25|33|45|66|79
13|28|44|45|66
12|29|44|67|80
12|27|52|57|69
11|18|34|39|55
15|38|39|48|79
2|54|58|76|79
14|19|37|46|61
1|9|14|31|70
4|7|14|34|73
6|38|50|66|69
6|7|31|52|78
25|31|53|66|80
3|25|31|44|64
13|15|25|42|77
16|26|56|72|80
28|41|55|56|75
7|30|60|66|77
10|14|48|49|73
7|40|53|54|77
2|17|50|61|70
24|30|31|41|58
11|14|20|24|70
33|39|65|66|71
18|35|48|63|65
14|29|60|61|62
2|11|42|54|61
18|22|61|68|72
21|24|38|73|79
7|8|13|18|24
13|31|52|63|76
26|64|69|71|76
8|28|34|60|65
1|23|31|41|60
15|46|49|61|64
15|19|55|59|74
17|28|30|31|69
4|9|28|33|38
18|25|26|47|70
12|18|52|63|75
8|22|25|43|46
9|32|61|64|75
4|21|56|63|67
14|17|60|64|69
5|29|44|66|72
15|30|39|67|73
11|38|50|61|80
22|26|29|47|60
19|34|54|61|63
6|18|34|37|57
19|38|41|53|78
8|37|56|58|63
18|34|37|40|55
27|43|45|64|67
16|32|38|45|71
35|39|40|42|71
24|37|49|54|57
4|19|58|67|79
11|43|70|77|80
15|52|62|65|72
10|22|40|55|79
4|11|36|58|75
1|4|59|74|80
2|18|33|56|79
22|43|44|64|68
14|17|43|44|57
29|57|59|77|79
7|8|13|49|65
16|32|59|73|76
7|10|28|62|78
3|9|42|53|69
8|11|25|48|61
25|38|54|61|71
3|19|34|43|61
2|4|45|46|51
14|18|31|78|79
2|43|56|59|60
8|42|45|47|63
12|20|64|69|77
5|14|65|71|73
9|24|49|70|72
5|32|34|47|78
1|7|14|43|68
22|32|37|46|70
13|16|23|40|49
8|43|49|54|71
23|32|38|49|74
13|48|71|73|75
7|12|23|38|39
12|18|41|62|67
13|14|32|54|60
28|31|34|39|70
5|26|39|51|53
5|8|11|12|62
1|52|53|57|80
27|33|56|57|73
36|37|51|54|67
15|27|42|60|63
3|23|55|57|78
9|19|40|54|73
21|57|65|79|80
2|25|36|42|59
8|25|51|58|75
1|2|10|19|60
19|28|31|53|66
28|43|63|65|69
13|24|29|38|43
17|44|51|61|63
16|24|37|41|69
2|14|22|35|66
41|44|47|63|69
13|26|33|39|56
1|13|17|25|73
6|16|37|52|71
33|58|64|69|78
18|46|49|61|76
4|30|46|52|71
9|44|53|73|76
24|25|35|37|70
33|40|51|59|79
15|24|53|65|66
35|36|50|63|71
26|33|48|58|77
13|38|40|64|71
4|9|20|31|38
17|19|48|50|66
14|37|58|70|79
2|6|50|56|80
12|25|31|48|79
10|49|53|57|62
12|63|65|74|77
8|18|30|34|76
2|16|31|55|61
4|11|38|39|51
34|44|55|60|63
15|16|27|50|64
8|28|70|77|78
10|12|37|38|65
34|36|51|69|70
7|19|22|40|73
12|29|33|62|74
42|45|53|70|73
9|24|39|49|64
3|25|44|60|69
41|62|70|79|80
12|27|40|58|67
11|21|31|40|41
3|13|48|55|68
7|8|10|45|46
3|27|47|66|76
23|27|40|72|73
11|23|33|52|70
29|38|71|73|78
24|31|39|60|72
19|43|52|59|74
3|8|36|44|63
2|15|22|25|74
12|27|28|34|49
2|9|41|53|60
10|20|36|58|60
15|56|63|65|76
5|14|39|57|72
17|35|55|62|77
7|49|51|64|69
9|15|23|41|67
11|32|40|43|57
1|25|36|50|62
34|50|60|71|73
8|20|59|61|66
17|20|21|42|48
29|53|58|61|68
7|45|56|59|61
26|34|42|64|78
46|52|56|60|65
31|44|49|70|80
7|33|38|58|76
13|32|42|59|69
44|45|46|49|67
26|33|44|50|79
1|17|34|40|46
9|25|33|53|68
10|17|18|24|40
1|11|25|33|79
35|49|54|64|68
8|10|11|14|50
7|17|40|58|73
1|11|23|53|67
16|22|42|51|57
1|21|28|70|79
22|23|26|45|63
4|31|38|47|78
25|49|70|76|78
28|49|58|63|76
12|32|38|64|79
1|21|33|46|76
2|23|40|43|66
19|32|37|44|69
7|23|46|63|67
21|25|33|37|55
1|22|33|42|52
9|38|52|62|78
16|34|41|51|54
22|32|37|47|51
13|18|39|65|71
24|33|41|69|74
3|17|29|61|75
8|23|32|40|44
8|14|33|37|73
9|14|32|41|79
10|17|34|51|63
14|20|28|43|48
18|22|30|47|52
15|20|28|31|53
6|33|49|74|75
5|44|59|74|79
12|19|22|31|42
7|10|29|37|63
9|18|20|53|70
10|35|39|57|70
11|16|23|32|59
21|30|54|66|72
4|17|18|27|56
5|23|47|50|61
7|11|34|47|74
5|6|17|23|45
18|28|45|52|59
3|16|36|55|62
12|19|44|68|75
10|25|31|32|54
1|5|14|24|25
19|22|35|44|45
3|20|40|57|60
35|49|56|75|76
13|15|48|49|80
3|29|65|69|79
7|21|23|29|52
37|40|51|64|74
7|31|42|46|56
46|57|62|76|80
15|30|43|56|58
3|17|21|25|39
17|22|39|58|75
6|7|39|41|62
27|45|46|61|75
10|36|48|71|77
15|46|55|59|69
19|30|47|54|55
4|9|20|35|80
12|16|27|28|78
8|15|16|44|56
14|35|37|57|65
12|28|51|53|67
19|33|50|53|70
14|20|46|49|80
2|16|27|30|56
1|32|45|52|72
6|20|44|48|76
9|40|47|48|53
7|19|36|43|74
25|33|40|54|71
6|13|18|21|80
4|8|15|20|32
19|42|63|75|78
25|29|34|59|66
4|22|49|53|64
3|9|48|59|79
3|23|51|73|74
7|43|53|59|72
5|13|39|47|63
22|25|30|57|63
11|35|56|63|77
7|24|26|28|72
7|10|26|35|36
1|9|50|61|79
2|25|44|45|65
7|8|36|57|67
16|38|58|64|72
3|5|16|32|38
9|52|59|62|80
1|2|3|27|65
26|52|72|74|79
4|12|28|30|43
3|36|40|52|76
6|22|28|45|71
3|14|22|46|60
5|47|54|63|72
6|21|33|34|75
1|9|27|69|78
15|27|31|56|63
6|40|56|66|71
7|15|19|34|52
4|5|18|58|72
5|14|15|25|73
7|22|28|41|53
1|26|64|68|73
16|29|62|64|73
9|30|52|59|75
3|7|26|66|79
2|18|23|54|73
11|35|45|50|64
24|32|51|61|63
9|18|38|71|73
5|9|50|51|73
3|14|20|39|68
6|13|29|48|76
9|11|28|39|47
6|23|25|33|38
27|38|44|65|70
7|10|11|39|47
2|28|43|44|64
3|10|14|21|64
7|17|29|42|43
1|36|38|41|74
3|24|53|56|63
16|40|55|64|70
14|25|32|53|67
3|11|52|56|59
27|37|56|66|68
19|20|25|52|55
3|5|26|38|62
22|25|45|56|72
31|33|48|68|80
10|15|17|63|67
8|14|28|63|64
4|18|27|38|47
12|16|49|56|67
3|11|32|37|53
12|22|27|28|77
30|49|56|57|74
24|57|67|69|77
18|21|32|38|54
18|28|30|45|70
7|10|59|65|79
6|9|49|57|77
19|31|35|60|79
4|8|18|19|31
10|37|41|47|78
9|18|29|69|80
5|33|43|53|67
12|30|44|50|79
9|48|51|65|80
15|52|61|67|68
8|19|30|33|49
21|29|40|62|73
1|13|31|49|56
18|47|70|74|80
7|16|49|52|73
19|30|40|60|75
18|44|66|74|75
12|51|54|60|61
21|32|48|54|61
13|35|48|49|53
13|19|34|54|73
12|25|27|34|76
12|14|16|43|44
23|42|50|61|80
8|38|39|46|76
13|32|53|60|69
3|50|66|67|70
2|52|53|70|77
13|33|60|75|76
35|64|66|70|79
10|21|52|58|64
12|27|46|48|79
15|30|31|49|52
31|38|43|44|79
20|30|34|35|65
23|30|36|39|40
20|22|38|45|53
27|33|37|53|60
6|35|50|57|58
19|52|57|74|79
2|39|41|51|73
5|20|27|70|80
15|24|30|57|67
5|13|26|54|67
1|21|28|44|48
5|6|22|28|31
17|39|48|56|75
37|44|54|62|64
24|41|52|56|76
38|44|46|72|80
21|23|37|50|55
34|39|47|75|76
11|25|40|48|73
47|52|53|71|78
15|26|51|58|65
2|12|20|47|55
24|40|52|57|62
1|20|44|66|77
9|12|52|65|78
7|8|17|47|55
3|26|63|74|76
4|5|14|28|40
16|29|44|57|70
3|35|40|61|77
5|19|43|77|80
4|8|52|59|67
1|14|42|44|56
38|57|66|72|77
1|7|9|39|80
56|59|65|70|71
9|27|38|48|57
11|12|17|57|74
27|38|48|58|75
21|23|37|69|73
31|34|36|58|62
1|6|38|65|70
17|37|53|71|76
11|17|26|48|56
20|43|47|62|74
19|30|35|48|76
25|38|57|69|78
17|36|67|69|77
26|32|45|62|77
15|17|18|25|44
18|29|35|63|68
36|50|55|58|75
1|2|4|6|28
4|17|19|51|62
7|15|45|53|66
1|7|28|48|73
11|29|36|38|67
5|16|34|40|73
4|19|48|76|80
1|17|47|68|71
2|12|14|16|29
27|44|45|56|71
16|26|36|41|78
1|12|49|55|76
9|30|38|56|76
12|14|26|27|75
6|28|32|51|80
6|11|43|46|58
41|58|61|66|80
7|10|32|54|59
10|31|37|61|74
3|25|30|32|62
17|31|51|60|74
17|50|69|73|76
20|40|59|68|80
11|46|49|60|71
12|33|51|60|80
11|29|42|63|72
3|33|44|77|78
18|35|37|50|54
8|22|48|59|76
3|16|32|37|50
1|21|46|56|79
2|28|51|53|77
12|36|38|50|53
6|18|42|56|72
15|23|25|29|71
14|22|24|59|72
16|25|27|33|74
14|35|53|64|77
21|22|40|51|74
4|27|44|61|71
13|16|18|21|36
1|9|51|59|74
27|32|54|57|80
4|6|35|64|65
2|3|45|49|60
3|7|10|23|43
1|20|40|42|75
42|54|55|70|74
9|16|20|34|53
15|20|23|78|79
1|3|18|46|64
24|25|34|50|65
53|57|62|70|78
6|7|9|36|45
7|12|36|39|50
17|23|52|70|71
3|10|35|47|59
5|6|12|50|61
2|7|9|27|59
42|56|61|76|79
32|34|52|68|73
10|25|33|43|68
18|21|23|54|74
3|4|7|14|39
1|21|33|39|48
22|26|34|39|40
2|8|36|45|64
27|28|50|65|76
12|19|33|44|67
7|10|18|57|74
28|30|54|67|74
6|29|36|44|68
29|46|53|63|68
1|14|49|71|74
16|26|37|40|62
13|14|16|21|69
10|27|29|61|66
9|28|34|40|42
6|16|31|36|53
3|22|42|71|79
28|48|50|64|71
7|30|51|52|69
44|46|53|59|65
8|19|20|28|34
11|25|29|52|53
6|17|31|40|66
25|52|53|58|78
1|21|50|55|68
10|20|29|65|76
17|20|43|68|74
4|41|49|55|80
4|42|67|74|75
5|34|45|49|58
5|6|55|70|73
4|69|70|72|80
2|13|27|78|80
11|28|60|61|71
2|18|64|67|77
7|13|37|56|64
9|23|56|64|73
25|46|52|61|74
20|48|50|75|76
23|41|46|53|71
16|18|46|56|80
2|20|39|53|60
5|10|21|51|58
26|32|38|68|72
13|17|23|49|71
13|22|29|68|72
15|52|55|62|79
13|15|25|39|44
3|14|22|32|41
3|11|24|54|65
14|21|33|34|45
7|22|23|50|76
39|51|57|75|76
8|27|44|66|75
21|28|51|65|69
26|37|39|66|71
23|25|29|52|55
32|63|66|76|77
13|61|65|67|79
2|10|29|33|54
16|19|21|23|32
6|21|22|52|74
3|35|39|63|69
24|26|37|48|71
4|6|18|40|74
11|46|55|75|78
21|38|52|60|66
7|21|54|62|77
8|14|43|65|76
20|37|46|61|74
43|51|75|79|80
9|50|63|67|76
5|50|56|60|62
3|5|22|30|60
22|61|63|66|80
16|25|27|28|69
5|8|31|32|41
2|4|55|60|65
22|34|36|42|62
2|16|32|63|67
30|35|49|51|69
17|60|67|74|75
25|27|55|61|69
14|26|36|37|69
14|26|51|55|64
17|27|35|54|76
27|29|34|64|73
49|55|56|68|71
27|34|35|42|62
3|28|41|58|75
14|27|41|68|78
7|60|62|67|74
12|23|50|52|55
19|23|32|38|61
17|24|50|56|66
16|34|37|42|70
18|41|58|62|73
10|21|43|64|68
3|24|27|58|69
45|69|72|77|79
19|35|38|39|78
3|19|32|59|63
17|26|31|33|63
8|41|56|65|74
31|32|34|54|59
37|46|49|62|73
10|19|24|34|72
5|13|14|34|63
38|46|50|65|69
3|11|19|31|39
10|14|32|53|61
26|37|61|67|71
3|24|48|52|71
5|7|12|16|66
1|10|36|62|64
4|9|31|40|58
7|11|21|51|58
3|13|17|47|60
6|37|43|61|62
7|71|73|76|79
19|21|64|70|72
3|31|47|77|79
6|14|18|71|73
3|27|30|33|59
10|27|30|72|78
8|23|50|65|73
14|19|32|37|45
12|13|51|67|73
16|37|54|68|77
4|7|19|35|56
21|29|46|59|76
1|5|52|53|71
28|43|56|57|77
2|43|45|64|68
6|20|21|46|63
9|24|28|31|45
22|29|38|58|62
20|33|48|69|70
9|44|46|57|59
6|21|31|37|64
1|20|23|25|49
30|60|65|68|75
5|14|15|66|68
9|33|48|67|73
1|27|29|36|73
29|60|64|72|79
11|16|23|44|48
22|29|34|42|51
37|38|57|67|79
12|18|37|47|56
18|22|27|74|75
3|15|30|56|72
15|26|30|44|69
20|33|62|63|69
2|31|41|43|44
12|21|27|45|75
7|9|19|45|80
9|14|16|52|71
20|25|57|67|78
13|29|41|61|74
8|25|42|60|63
4|11|24|25|32
2|27|35|44|55
42|50|52|66|72
7|12|29|54|55
12|30|48|70|75
5|9|41|64|67
2|10|11|15|66
5|14|31|38|75
22|23|42|54|65
12|24|26|39|40
8|16|18|22|73
32|33|43|46|52
1|18|52|67|72
12|18|21|31|69
2|8|40|55|60
16|24|42|71|75
14|27|39|48|61
15|21|56|79|80
6|51|53|54|57
32|43|50|57|75
14|52|54|65|77
13|23|37|56|80
13|14|37|66|75
9|19|24|59|61
2|53|57|62|64
10|28|60|62|74
13|18|43|47|53
19|25|63|74|77
13|32|56|73|74
18|34|38|40|43
5|9|12|23|71
17|24|47|49|66
14|18|59|60|64
4|12|63|78|80
10|13|22|50|66
10|11|12|23|37
8|20|64|68|73
2|8|12|53|54
19|22|53|69|77
7|39|48|58|62
2|16|19|26|27
14|23|26|56|77
7|11|24|42|49
16|20|34|56|57
2|21|38|54|73
10|20|44|58|65
12|14|42|61|69
31|41|75|76|79
15|42|54|68|76
1|19|27|36|57
1|21|27|48|78
1|19|50|52|54
2|3|30|39|72
20|21|43|45|67
3|7|45|46|65
20|30|36|48|53
12|16|53|64|66
5|23|50|65|67
12|27|28|30|36
33|36|56|58|60
2|9|17|66|76
4|16|17|35|49
5|6|16|54|70
4|50|51|52|77
6|43|50|63|71
1|19|59|65|80
4|6|27|68|74
11|25|29|42|66
7|30|33|52|69
8|16|32|74|79
2|32|40|53|54
11|25|49|51|53
18|29|37|51|57
13|49|57|67|78
3|20|27|32|61
1|8|13|53|61
17|20|30|33|68
13|34|55|64|80
13|31|45|56|63
35|42|55|60|78
4|18|55|57|74
2|19|50|59|69
6|9|27|43|65
3|23|58|62|74
4|27|46|53|55
41|47|49|70|74
6|17|49|65|70
12|23|39|54|72
27|55|66|73|75
5|25|52|57|62
16|61|65|72|78
7|52|68|69|76
5|23|36|67|70
66|73|75|76|79
3|25|60|62|75
25|43|52|59|75
11|40|50|74|78
3|12|24|36|40
27|54|63|71|77
19|25|32|68|71
20|35|37|42|71
34|41|50|67|77
31|49|52|63|71
5|18|24|43|48
12|14|60|66|68
13|21|32|33|66
40|42|48|64|69
6|39|41|61|64
2|20|26|42|79
4|10|15|42|45
10|19|39|52|66
20|39|72|73|76
10|18|22|31|73
30|49|72|78|80
2|3|27|64|65
2|7|57|59|76
5|18|21|41|71
15|33|39|76|78
5|14|31|41|49
2|18|31|38|49
5|7|21|28|70
11|12|57|59|69
9|26|31|36|65
42|56|62|65|79
44|52|54|56|60
17|45|64|67|69
21|31|44|65|74
9|23|31|60|80
43|51|54|69|73
12|13|14|56|60
20|23|31|35|76
8|26|28|29|30
5|36|39|70|78
10|15|22|55|79
2|29|46|69|76
9|44|57|67|68
1|15|63|72|77
7|9|11|25|75
5|15|38|48|77
13|16|31|39|70
12|21|42|60|66
6|29|40|63|72
1|14|26|34|72
11|24|63|64|69
2|25|54|63|66
44|52|60|64|68
13|33|38|39|72
1|28|56|65|79
17|33|52|60|76
20|32|49|54|62
4|15|44|64|73
5|16|26|28|62
9|21|37|42|68
4|45|54|65|67
19|44|53|54|71
27|57|60|61|77
5|15|32|33|48
13|30|58|63|64
25|45|60|76|79